-8681257.049027335
-8673684.31487336
-8667308.492934333
-8660870.372563457
-8653977.357128425
-8646542.299789233
-8638621.79236729
-8630331.251040537
-8621812.2155332
-8613240.653307721
-8604830.15960022
-8596784.15009793
-8589263.215839121
-8582388.999657309
-8576232.63087906
-8570781.122411342
-8565951.277898395
-8561645.301296279
-8557782.69798861
-8554291.185186204
-8551095.400622124
-8548140.10907542
-8545387.072095066
-8542798.4433695
-8540369.804055672
-8538100.767329585
-8535985.924643317
-8534019.889625492
-8532204.369511025
-8530539.773489177
-8528987.10693547
-8527491.949600486
-8526046.33675882
-8524674.176506616
-8523364.447223881
-8522092.850413145
-8520830.382097641
-8519547.653545815
-8518282.860479293
-8517057.820314046
-8515901.21824596
-8514851.392950686
-8513890.366681674
-8513014.931800053
-8512208.090064034
-8511427.880042786
-8510657.709798817
-8509887.063814541
-8509097.862659847
-8508364.221731214
-8507737.874371445
-8507159.090512395
-8506577.336726721
-8505975.006445073
-8505390.141480282
-8504873.540838942
-8504408.125214882
-8503958.003072953
-8503486.7563505
-8503019.586241264
-8502609.354795657
-8502245.8397104
-8501882.747580964
-8501494.164730052
-8501103.24144194
-8500742.149046816
-8500405.45458994
-8500087.982747033
-8499776.489477638
-8499453.633105919
-8499121.854612831
-8498789.951126458
-8498481.430293892
-8498179.510516578
-8497890.759984976
-8497637.197746295
-8497422.742066307
-8497231.017614024
-8497044.388124067
-8496850.02515557
-8496632.083918862
-8496394.928479845
-8496164.417610077
-8495945.675195819
-8495733.082295952
-8495535.95390658
-8495347.886185722
-8495153.664200963
-8494961.605116682
-8494784.888590882
-8494619.868414499
-8494461.481310342
-8494308.417348895
-8494154.683671443
-8494005.002778623
-8493855.779145794
-8493695.79831883
-8493525.87238731
-8493361.07033781
-8493212.144802049
-8493075.382122941
-8492949.871409733
-8492836.61055556
-8492730.849472031
-8492626.109664913
-8492525.343560047
-8492426.229990205
-8492326.722787092
-8492234.6966836
-8492146.9323696
-8492059.985270461
-8491972.111675793
-8491876.782877412
-8491776.933543215
-8491674.122882318
-8491569.68855735
-8491467.085906053
-8491362.997794386
-8491250.197899394
-8491141.482193414
-8491042.557288762
-8490950.795937866
-8490871.370766934
-8490796.23246192
-8490730.717884324
-8490668.899819627
-8490607.78894698
-8490549.08316896
-8490487.592847498
-8490420.247368902
-8490349.5810476
-8490274.75612549
-8490191.156061605
-8490109.039606813
-8490034.9369061
-8489965.302530224
-8489893.432802744
-8489815.558288071
-8489732.149671666
-8489651.222314602
-8489576.5535177
-8489503.610337852
-8489428.009029092
-8489348.415187871
-8489273.18031609
-8489208.043377269
-8489150.816220822
-8489098.36676432
-8489046.906340092
-8488991.079270573
-8488929.349975934
-8488866.510132033
-8488807.177188033
-8488753.380925843
-8488703.20077171
-8488654.54930627
-8488607.449454496
-8488561.812906569
-8488513.32236516
-8488459.312426154
-8488404.69951609
-8488358.310885595
-8488315.884725116
-8488274.434961768
-8488234.123712042
-8488192.066162258
-8488146.036609933
-8488095.948268363
-8488041.790885853
-8487988.84991085
-8487939.345559545
-8487891.975441895
-8487850.714476487
-8487813.620163014
-8487776.965351025
-8487738.335439516
-8487695.479337392
-8487649.483277414
-8487605.022846285
-8487566.07200412
-8487531.137663364
-8487496.893224038
-8487464.48328577
-8487432.919626985
-8487400.766502662
-8487368.666604023
-8487338.10947187
-8487304.620882612
-8487263.861854402
-8487217.829789989
-8487171.176797844
-8487125.159017935
-8487080.002286274
-8487036.840483107
-8486994.434265876
-8486947.304029249
-8486890.95796372
-8486840.105044356
-8486801.782632496
-8486768.559200982
-8486736.945921458
-8486706.365260758
-8486678.094540574
-8486644.606069976
-8486612.422500696
-8486588.654171214
-8486566.102135368
-8486539.201743204
-8486505.03846865
-8486463.956344249
-8486414.71644692
-8486358.480408475
-8486302.877820987
-8486254.781218713
-8486215.71401988
-8486181.944691502
-8486151.236059656
-8486122.986968964
-8486096.058242632
-8486067.524001641
-8486034.959585607
-8485994.541918417
-8485950.570976343
-8485910.792164974
-8485875.932987086
-8485842.293367375
-8485808.37827989
-8485772.170219159
-8485731.449662901
-8485686.664330686
-8485642.363086917
-8485602.662372507
-8485561.72782764
-8485516.31994293
-8485470.56506417
-8485429.33909877
-8485391.899213606
-8485355.458686272
-8485320.11093904
-8485288.933533974
-8485259.659078712
-8485230.053303475
-8485200.445504462
-8485169.257613573
-8485134.91342332
-8485099.55707814
-8485063.579927698
-8485029.084854763
-8484997.998542696
-8484970.449548818
-8484945.148971941
-8484921.69638732
-8484899.938904423
-8484879.333625311
-8484857.364061434
-8484834.776332412
-8484810.594450016
-8484782.420354798
-8484750.518409343
-8484719.010361519
-8484686.586346012
-8484654.324827163
-8484624.522459727
-8484596.779535128
-8484571.48341946
-8484545.456493009
-8484517.121539596
-8484487.238529898
-8484457.951159766
-8484430.364420727
-8484405.48984147
-8484385.52921822
-8484364.893697377
-8484339.232426848
-8484316.039520122
-8484297.3049371
-8484278.6064769
-8484257.3317569
-8484231.964937525
-8484207.516623642
-8484188.417413006
-8484171.344586791
-8484154.923129067
-8484137.683152042
-8484117.637530886
-8484095.410181163
-8484073.20055515
-8484052.173248615
-8484032.490282938
-8484013.650442164
-8483995.232645342
-8483975.716668712
-8483954.798292153
-8483934.908521753
-8483916.12567933
-8483897.595670044
-8483879.464923533
-8483862.967429655
-8483848.998416832
-8483836.548033802
-8483824.34901175
-8483811.255053125
-8483798.601456942
-8483786.247095177
-8483772.835071314
-8483758.144947646
-8483742.84545352
-8483727.720892258
-8483712.073573133
-8483695.560794737
-8483677.030741109
-8483653.904639961
-8483625.917708494
-8483596.579774344
-8483572.386814425
-8483553.62812226
-8483534.567514693
-8483513.445743915
-8483492.25039437
-8483473.297370153
-8483456.647040477
-8483441.430411456
-8483427.635647843
-8483414.559196169
-8483401.246715948
-8483389.987942666
-8483379.187422361
-8483367.028494349
-8483352.881693734
-8483338.553417841
-8483325.004482327
-8483312.109892946
-8483301.619319687
-8483292.391267741
-8483283.731171463
-8483275.104057852
-8483265.044728484
-8483254.942900905
-8483245.85528534
-8483237.047561932
-8483229.710362345
-8483222.01046172
-8483212.716486659
-8483201.788544485
-8483189.975538906
-8483177.135923829
-8483164.846107187
-8483154.203240592
-8483143.85826925
-8483133.018807836
-8483120.942582045
-8483108.309768356
-8483096.530034918
-8483087.585865995
-8483079.426336696
-8483070.442831723
-8483060.91115279
-8483051.113953099
-8483041.165670197
-8483031.698984394
-8483022.42294389
-8483012.795628602
-8483003.03948388
-8482993.672158701
-8482984.846129632
-8482976.713676589
-8482969.292737441
-8482961.179877134
-8482949.090164974
-8482931.263873395
-8482913.175645437
-8482899.140760213
-8482886.15489691
-8482874.337683184
-8482864.246922143
-8482854.790749326
-8482845.230786514
-8482835.844624974
-8482826.844590874
-8482816.694677815
-8482802.616451886
-8482785.547722617
-8482771.265280334
-8482760.071906017
-8482749.56386103
-8482738.861002509
-8482728.862913152
-8482720.279018419
-8482711.716836285
-8482701.94512626
-8482690.714232983
-8482679.022545353
-8482667.694039546
-8482656.088495176
-8482644.59403749
-8482634.359387135
-8482624.458775796
-8482614.54246577
-8482604.748133551
-8482594.998358052
-8482583.598475765
-8482571.24970213
-8482561.293465644
-8482554.0432904
-8482548.347146863
-8482542.914060207
-8482537.329156745
-8482531.322877683
-8482524.260197243
-8482514.98239613
-8482502.809319835
-8482490.109059418
-8482479.030679166
-8482468.586749539
-8482459.153407943
-8482450.791723028
-8482442.704815438
-8482434.849008134
-8482427.20018344
-8482419.718893846
-8482412.164622173
-8482404.022227416
-8482395.865432393
-8482388.360747429
-8482380.598602716
-8482370.419360133
-8482359.66241497
-8482350.775340578
-8482341.929540519
-8482333.492645375
-8482325.36505452
-8482317.43061647
-8482309.563998789
-8482301.455879036
-8482292.856808547
-8482284.11367936
-8482275.987085566
-8482267.055876609
-8482257.157094903
-8482248.763008418
-8482241.897846086
-8482235.669496551
-8482230.402790276
-8482225.931189267
-8482221.574864268
-8482216.441597547
-8482210.645099135
-8482205.79816765
-8482200.765311295
-8482194.538884088
-8482185.754410721
-8482175.099175593
-8482164.16765136
-8482153.264822429
-8482142.923321724
-8482133.603678003
-8482125.243577134
-8482117.853933202
-8482111.209900707
-8482104.824759535
-8482097.59016031
-8482088.395850506
-8482077.353401005
-8482064.61897442
-8482047.80249216
-8482029.866186474
-8482017.480051484
-8482010.073321264
-8482004.200853813
-8481998.724044688
-8481993.274512703
-8481986.571618896
-8481978.431730118
-8481970.442839697
-8481963.141647229
-8481956.423043117
-8481950.14428134
-8481944.180249766
-8481938.360699097
-8481932.610602044
-8481926.914611652
-8481920.758538377
-8481912.155555781
-8481898.820376404
-8481884.76315816
-8481874.352287507
-8481866.53580992
-8481859.64657225
-8481853.020655617
-8481846.76964203
-8481840.899205457
-8481834.848828541
-8481829.1216292
-8481823.195451202
-8481815.81266221
-8481809.119794779
-8481803.849376822
-8481798.877587719
-8481793.53554516
-8481787.66276098
