68373
68323
68280
68232
68175
68138
68084
68041
68000
67953
67908
67869
67827
67791
67744
67704
67653
67614
67565
67515
67470
67437
67398
67348
67306
67256
67211
67167
67118
67069
67017
66975
66926
66872
66829
66784
66737
66689
66640
66592
66535
66498
66457
66412
66371
66315
66260
66195
66131
66066
66012
65949
65881
65807
65729
65656
65596
65529
65470
65411
65353
65306
65257
65203
65156
65105
65051
64996
64954
64907
64858
64808
64760
64716
64675
64627
64578
64523
64478
64419
64370
64320
64276
64228
64193
64149
64102
64060
64009
63953
63916
63877
63829
63793
63743
63689
63651
63619
63562
63521
63479
63434
63377
63323
63283
63247
63199
63152
63107
63053
63004
62958
62911
62864
62815
62766
62728
62686
62637
62590
62544
62496
62456
62405
62349
62302
62248
62207
62176
62131
62082
62031
61991
61949
61907
61856
61809
61754
61709
61663
61607
61560
61494
61426
61359
61299
61226
61152
61076
61009
60920
60848
60795
60728
60668
60620
60563
60512
60453
60401
60359
60321
60267
60224
60184
60144
60089
60036
59978
59926
59875
59823
59783
59737
59677
59615
59559
59494
59446
59403
59365
59307
59265
59223
59171
59113
59061
59002
58952
58910
58864
58815
58771
58724
58663
58610
58555
58510
58458
58411
58366
58317
58273
58201
58149
58088
58029
57980
57913
57850
57811
57762
57718
57661
57596
57554
57507
57457
57407
57353
57309
57258
57206
57159
57120
57069
57016
56963
56919
56876
56815
56742
56688
56632
56578
56510
56443
56375
56205
56139
56063
55987
55924
55861
55792
55732
55673
55624
55569
55518
55468
55417
55363
55310
55254
55184
55121
55069
55006
54939
54874
54825
54770
54719
54672
54618
54575
54520
54476
54420
54365
54320
54266
54208
54162
54114
54066
53994
53940
53888
53845
53792
53734
53661
53612
53563
53496
53446
53398
53346
53295
53243
53192
53128
53079
53021
52971
52909
52851
52807
52758
52706
52650
52599
52555
52502
52449
52405
52352
52286
52239
52186
52137
52074
52028
51983
51930
51892
51839
51792
51740
51688
51635
51592
51539
51489
51425
51362
51296
51225
51171
51108
51036
50960
50881
50813
50745
50681
50619
50554
50504
50441
50389
50350
50281
50224
50168
50105
50058
50009
49951
49903
49843
49777
49729
49677
49628
49577
49526
49485
49439
49379
49322
49280
49229
49169
49109
49063
49010
48944
48894
48822
48776
48715
48662
48617
48559
48492
48441
48389
48328
48280
48227
48175
48111
48034
47984
47899
47846
47789
47728
47686
47635
47584
47526
47466
47419
47370
47320
47262
47204
47153
47098
47056
46999
46928
46867
46804
46735
46675
46616
46562
46507
46455
46405
46355
46298
46246
46187
46114
46045
45975
45912
45824
45750
45677
45600
45515
45442
45370
45285
45208
45151
45102
45043
44979
44915
44847
44782
44715
44663
44600
44525
44454
44402
44339
44267
44209
44154
44081
44025
43972
43911
43852
43803
43739
43692
43638
43583
43519
43477
43428
43365
43308
43253
43198
43143
43086
43035
42978
42930
42879
42809
42760
42693
42641
42571
42458
42412
42358
42311
42250
42182
42136
42075
42019
41963
41889
41831
41766
41709
41662
41615
41555
41514
41458
41398
41347
41290
41237
41182
41134
41078
41020
40963
40908
40839
40779
40722
40658
40593
40540
40489
40419
40356
40295
40216
40151
40079
40004
39925
39848
39770
39697
39617
39544
39479
39404
39330
39257
39169
39109
39043
38992
38932
38858
38799
38732
38669
38609
38569
38512
38446
38380
38319
38250
38191
38113
38053
38010
37959
37902
37835
37774
37726
37664
37618
37571
37521
37459
37398
37328
37265
37189
37142
37082
37011
36952
36896
36824
36761
36673
36613
36554
36497
36431
36354
36279
36227
36137
36068
36005
35926
35858
35802
35743
35687
35621
35568
35515
35452
35387
35326
35265
35210
35154
35102
35035
34976
34912
34846
34774
34714
34659
34591
34529
34452
34394
34326
34250
34177
34107
33986
33890
33811
33714
33630
33561
33488
33413
33345
33275
33211
33145
33083
33015
32954
32889
32825
32755
32689
32622
32565
32505
32437
32390
32332
32271
32210
32126
32054
31992
31929
31864
31797
31734
31675
31602
31535
31480
31414
31338
31277
31211
31141
31070
30994
30942
30890
30828
30766
30688
30620
30556
30488
30425
30352
30293
30233
30173
30116
30049
29980
29914
29851
29794
29733
29675
29620
29567
29488
29411
29349
29283
29222
29163
29105
29046
28978
28924
28853
28807
28731
28668
28604
28543
28483
28414
28355
28298
28238
28163
28079
28002
27943
27873
27776
27693
27613
27538
27460
27394
27309
27242
27170
27112
27031
26964
26888
26826
26766
26707
26639
26575
26512
26440
26375
26302
26210
26155
26093
26035
25966
25893
25840
25782
25728
25658
25595
25523
25456
25391
25334
25256
25177
25096
25031
24959
24892
24815
24755
24700
24632
24572
24503
24424
24361
24299
24228
24155
24094
24022
23960
23893
23825
23742
23681
23625
23559
23485
23427
23359
23311
23245
23185
23126
23074
23021
22947
22881
22812
22749
22683
22629
22559
22484
22406
22353
22292
22226
22157
22088
22018
21959
21903
21847
21790
21730
21669
21604
21421
21353
21267
21190
21117
21043
20971
20904
20847
20781
20717
20644
20590
20528
20465
20403
20339
20278
20210
20149
20077
20007
19941
19870
19795
19740
19670
19613
19549
19474
19414
19355
19290
19230
19168
19103
19035
18959
18887
18822
18755
18695
18633
18544
18476
18419
18343
18266
18198
18120
18054
17987
17929
17864
17807
17748
17679
17625
17558
17482
17412
17337
17276
17204
17138
17076
17014
16954
16892
16817
16757
16689
16625
16553
16489
16420
16362
16300
16241
16165
16099
16042
15976
15905
15839
15781
15726
15657
15598
15531
15471
15406
15336
15269
15221
15148
15079
15015
14949
14867
14807
14742
14681
14613
14553
14485
14426
14363
14300
14239
14170
14103
14048
13987
13934
13870
13814
13749
13694
13630
