68373
68340
68308
68287
68245
68218
68188
68155
68131
68099
68067
68031
67994
67965
67930
67891
67865
67839
67800
67762
67729
67701
67668
67637
67612
67574
67544
67510
67481
67450
67421
67381
67344
67300
67252
67220
67184
67156
67114
67079
67054
67016
66976
66939
66902
66872
66832
66804
66769
66749
66713
66678
66638
66600
66570
66535
66498
66460
66432
66397
66369
66335
66296
66270
66242
66211
66182
66149
66122
66085
66053
66023
65999
65962
65935
65911
65870
65840
65799
65770
65736
65706
65679
65628
65581
65546
65523
65481
65454
65429
65391
65362
65325
65296
65261
65223
65193
65157
65117
65067
65047
65011
64974
64949
64921
64889
64848
64825
64787
64755
64723
64688
64654
64620
64581
64543
64513
64480
64451
64408
64376
64335
64293
64263
64233
64196
64161
64136
64105
64072
64053
64024
63986
63942
63909
63878
63847
63816
63783
63754
63722
63686
63656
63613
63578
63544
63509
63479
63427
63397
63360
63325
63284
63247
63214
63187
63161
63135
63109
63078
63046
63021
62995
62956
62903
62867
62835
62801
62764
62720
62698
62665
62638
62605
62568
62519
62486
62446
62413
62381
62342
62317
62295
62270
62235
62193
62158
62112
62080
62051
62016
61984
61955
61924
61889
61856
61817
61781
61745
61713
61679
61646
61614
61579
61550
61519
61484
61454
61421
61395
61361
61331
61312
61284
61249
61194
61167
61125
61092
61056
61021
60996
60961
60924
60884
60847
60813
60780
60742
60713
60677
60630
60586
60557
60517
60484
60447
60412
60374
60342
60312
60289
60255
60228
60196
60159
60133
60104
60071
60027
59966
59927
59893
59857
59823
59788
59737
59715
59680
59652
59609
59576
59541
59505
59468
59432
59396
59353
59315
59282
59231
59198
59163
59132
59102
59079
59046
59007
58974
58942
58897
58858
58815
58788
58755
58718
58687
58645
58613
58585
58545
58486
58448
58413
58380
58346
58303
58264
58219
58164
58129
58094
58048
58016
57973
57938
57906
57866
57829
57791
57750
57725
57687
57658
57620
57578
57555
57518
57465
57428
57383
57337
57291
57257
57216
57188
57156
57122
57086
57053
57016
56988
56959
56915
56885
56843
56802
56774
56739
56702
56672
56627
56597
56562
56521
56477
56441
56410
56365
56328
56294
56260
56227
56178
56143
56108
56077
56040
56003
55974
55937
55896
55853
55808
55776
55742
55700
55666
55634
55593
55563
55529
55491
55451
55417
55370
55331
55296
55253
55219
55190
55154
55120
55082
55045
55001
54969
54930
54880
54844
54798
54763
54735
54711
54681
54648
54600
54557
54524
54479
54447
54408
54369
54334
54293
54258
54221
54187
54151
54116
54067
54016
53984
53954
53923
53878
53838
53803
53752
53722
53676
53640
53600
53544
53508
53470
53434
53396
53363
53321
53284
53232
53198
53167
53134
53101
53059
53018
52984
52936
52903
52860
52826
52790
52751
52710
52684
52627
52598
52549
52502
52459
52422
52382
52338
52294
52261
52213
52182
52157
52112
52067
52022
51990
51954
51913
51862
51823
51776
51746
51706
51665
51628
51589
51569
51529
51502
51462
51425
51388
51347
51311
51254
51227
51191
51154
51118
51075
51037
51008
50977
50945
50892
50850
50816
50776
50738
50704
50671
50580
50543
50507
50462
50416
50374
50332
50301
50262
50231
50196
50151
50117
50079
50037
50001
49953
49915
49875
49840
49803
49766
49725
49678
49639
49610
49557
49529
49490
49457
49425
49384
49358
49314
49274
49237
49187
49156
49117
49080
49045
49005
48961
48917
48872
48836
48805
48757
48722
48679
48633
48595
48547
48497
48463
48424
48386
48344
48308
48272
48224
48184
48151
48107
48067
48024
47981
47934
47896
47845
47807
47765
47724
47682
47637
47606
47551
47518
47467
47428
47386
47345
47315
47273
47218
47169
47130
47093
47044
47003
46962
46918
46883
46838
46790
46754
46713
46669
46642
46599
46557
46508
46466
46426
46378
46337
46291
46240
46203
46156
46118
46068
46019
45979
45944
45893
45855
45820
45778
45739
45702
45661
45627
45591
45550
45503
45453
45401
45350
45309
45271
45224
45187
45154
45101
45065
45020
44984
44943
44907
44858
44807
44758
44712
44656
44606
44563
44522
44483
44437
44393
44359
44324
44287
44247
44197
44160
44119
44076
44029
43995
43955
43917
43873
43830
43797
43753
43712
43674
43637
43600
43549
43498
43452
43412
43344
43297
43255
43212
43174
43149
43099
43053
43011
42973
42917
42881
42808
42761
42710
42672
42628
42583
42545
42502
42455
42410
42368
42306
42262
42218
42178
42145
42107
42061
42011
41973
41933
41892
41839
41784
41747
41694
41636
41593
41559
41503
41456
41393
41354
41311
41262
41221
41181
41135
41087
41031
40987
40947
40908
40855
40819
40783
40738
40687
40646
40614
40527
40487
40432
40392
40352
40262
40210
40161
40109
40043
40004
39967
39916
39859
39808
39768
39714
39668
39619
39573
39521
39457
39411
39370
39316
39272
39232
39187
39147
39105
39057
39003
38958
38905
38852
38804
38730
38685
38653
38619
38571
38536
38492
38447
38406
38368
38298
38247
38210
38155
38079
38041
38000
37951
37910
37876
37824
37784
37738
37688
37650
37606
37555
37506
37470
37427
37345
37279
37212
37165
37127
37076
37019
36972
36922
36780
36738
36697
36658
36603
36537
36490
36450
36406
36337
36285
36244
36200
36155
36102
36058
36012
35973
35906
35852
35784
35740
35688
35641
35593
35546
35495
35447
35392
35343
35299
35227
35168
35114
35063
35015
34969
34909
34858
34794
34740
34706
34653
34588
34550
34489
34450
34397
34323
34246
34203
34134
34083
34037
33987
33933
33889
33839
33795
33743
33690
33639
33598
33541
33487
33442
33394
33339
33300
33248
33194
33147
33083
33034
32984
32930
32871
32805
32771
32720
32680
32641
32594
32554
32506
32464
32417
32361
32306
32258
32205
32156
32105
32070
32027
31978
31902
31838
31783
31730
31692
31653
31592
31538
31498
31450
31413
31358
31316
31259
31195
31136
31077
31019
30970
30921
30883
30829
30785
30737
30689
30642
30595
30551
30491
30433
30375
30318
30262
30197
30138
30093
30056
30015
29965
29906
29831
29794
29755
29705
29656
29601
29557
29502
29445
29408
29354
29306
29245
29172
29116
29083
29013
28963
28902
28857
28808
28753
28705
28648
28590
28536
28494
28441
28373
28325
28275
28220
28166
28113
28052
28003
27942
27887
27829
27779
27719
27654
27600
27538
27489
27429
27372
27290
27239
27184
27134
27072
27031
26977
26915
26871
26811
26747
26694
26636
26572
26519
26460
26410
26353
26275
26215
26179
26115
26071
26011
25956
25907
25852
25795
25742
25691
25637
25573
25523
25468
25420
25363
25325
25279
25220
25167
25114
25059
25010
24963
24906
24823
24771
24709
24670
24610
24544
24501
24455
24401
24349
24280
24233
24178
24115
24054
23988
23938
23850
23796
23732
23669
23619
23581
23516
23468
23423
23366
23308
23260
23156
23105
23057
22988
22937
22896
22857
22810
22738
22637
22564
22504
22437
22369
22292
22228
22167
22104
22054
21999
21909
21847
21792
21715
21663
21615
21569
21507
21448
21397
21350
21284
21202
21129
21039
20983
20920
20859
20797
20725
20650
20579
20520
20447
20389
20288
20216
20135
20037
19962
19906
19852
19795
19736
19667
19602
19531
19471
19393
19324
19249
19171
19122
19062
18996
18925
18871
18794
18729
18668
18611
18548
18482
18417
18339
18281
18199
18137
18061
18001
17932
17879
17804
17732
17653
17547
17501
17433
17349
17289
17233
17170
17097
17037
16981
16905
16820
16747
16695
16639
16571
16509
16463
16408
16341
16276
16222
16162
16086
16025
15971
15877
15811
15744
15682
15613
15514
15444
15363
15294
15221
15146
15072
14986
14922
14861
14777
14718
14634
14567
14468
14376
14309
14248
14188
14115
14031
13959
13900
13808
13731
13660
