10	88633
20	49889
30	29793
40	18373
50	12049
60	8237
70	6081
80	4408
90	3311
100	2785
110	2181
120	1817
130	1455
140	1272
150	1104
160	950
170	799
180	695
190	637
200	546
210	492
220	460
230	365
240	350
250	300
260	295
270	276
280	240
290	200
300	194
310	199
320	157
330	146
340	151
350	149
360	126
370	130
380	103
390	88
400	105
410	105
420	87
430	85
440	77
450	86
460	63
470	66
480	64
490	49
500	56
510	56
520	57
530	40
540	56
550	51
560	43
570	44
580	42
590	33
600	24
610	29
620	30
630	30
640	34
650	32
660	26
670	24
680	35
690	22
700	21
710	22
720	27
730	19
740	20
750	22
760	20
770	17
780	26
790	20
800	21
810	20
820	18
830	9
840	15
850	17
860	16
870	22
880	9
890	16
900	12
910	10
920	17
930	14
940	18
950	17
960	10
970	9
980	12
990	20
1000	9
1010	10
1020	12
1030	5
1040	6
1050	16
1060	8
1070	10
1080	8
1090	7
1100	11
1110	12
1120	8
1130	6
1140	6
1150	5
1160	8
1170	4
1180	5
1190	2
1200	12
1210	5
1220	11
1230	3
1240	10
1250	8
1260	4
1270	7
1280	6
1290	4
1300	6
1310	6
1320	5
1330	8
1340	9
1350	5
1360	9
1370	8
1380	1
1390	6
1400	8
1410	5
1420	2
1430	6
1440	4
1450	4
1460	1
1470	2
1480	2
1490	4
1500	2
1510	4
1520	4
1530	4
1540	1
1550	3
1560	6
1570	2
1580	4
1590	7
1600	4
1610	2
1620	4
1630	2
1640	3
1650	6
1680	3
1690	4
1710	2
1720	2
1740	1
1750	1
1760	3
1770	4
1780	3
1790	1
1800	2
1810	1
1820	1
1840	6
1850	2
1860	2
1880	3
1890	4
1900	2
1910	2
1920	2
1930	1
1940	3
1950	2
1960	4
1980	2
1990	5
2000	2
2010	2
2020	3
2030	3
2040	2
2050	1
2060	1
2070	1
2080	1
2090	3
2100	4
2110	2
2120	1
2130	3
2140	2
2150	2
2170	1
2180	2
2190	1
2200	2
2210	1
2240	2
2250	1
2260	3
2270	1
2280	3
2290	1
2300	1
2320	3
2330	1
2340	2
2350	1
2360	4
2390	3
2400	1
2410	1
2430	1
2440	2
2500	1
2530	2
2570	1
2590	1
2600	1
2610	4
2620	1
2630	3
2640	2
2670	1
2680	2
2690	1
2700	1
2710	1
2730	1
2750	1
2810	1
2820	1
2860	3
2910	1
2970	2
2980	3
2990	1
3000	1
3010	2
3040	1
3080	1
3090	1
3100	1
3130	2
3140	1
3180	1
3190	1
3230	1
3240	2
3270	1
3300	2
3330	1
3370	1
3380	1
3410	1
3450	2
3470	1
3530	1
3540	2
3560	1
3600	1
3670	1
3700	1
3780	1
3810	1
3820	1
3840	1
3890	1
3940	2
3990	1
4000	1
4070	1
4100	1
4110	1
4180	1
4200	1
4250	1
4360	1
4370	1
4380	1
4390	2
4420	1
4440	1
4500	1
4510	1
4540	1
4550	1
4580	1
4790	1
4800	1
4840	1
4870	1
4910	1
4920	2
4940	2
4950	1
4960	1
4970	2
5020	1
5030	2
5040	1
5050	1
5070	2
5080	1
5100	1
5110	2
5130	1
5160	3
5170	1
5180	3
5210	1
5230	1
5240	1
5290	3
5310	3
5330	1
5350	1
5360	2
5380	2
5460	2
5580	1
5610	1
5620	1
5690	1
5740	2
5760	1
5770	1
5930	1
5960	2
6060	1
6100	1
6110	1
6180	1
6310	3
6350	1
6480	2
6600	1
6770	1
7020	1
7330	1
7370	1
7530	1
7860	1
7870	1
7880	1
7990	1
8020	1
8130	1
8200	1
8530	1
8540	1
8900	1
9070	1
9140	1
9700	1
9940	1
10890	1
12410	1
12790	1
13250	1
13700	1
14010	1
14860	1
15160	1
15760	1
16880	1
17320	1
18550	1
19240	1
19460	1
19840	1
22520	1
25170	1
25750	1
27870	1
31250	1
31300	1
32960	1
37930	1
41490	1
66610	1
67510	1
77520	1
93670	1
126630	1
1	3479559
11	85186
21	47028
31	28676
41	17658
51	11410
61	7875
71	5743
81	4267
91	3248
101	2766
111	2100
121	1785
131	1470
141	1260
151	1085
161	882
171	761
181	674
191	611
201	550
211	488
221	412
231	392
241	356
251	323
261	268
271	275
281	230
291	249
301	196
311	204
321	193
331	157
341	166
351	132
361	142
371	117
381	106
391	99
401	96
411	84
421	97
431	88
441	76
451	74
461	55
471	70
481	68
491	68
501	62
511	51
521	54
531	53
541	40
551	59
561	46
571	40
581	46
591	40
601	36
611	31
621	45
631	28
641	31
651	38
661	27
671	27
681	22
691	21
701	17
711	33
721	22
731	15
741	22
751	22
761	18
771	23
781	22
791	23
801	16
811	20
821	17
831	26
841	15
851	10
861	16
871	15
881	16
891	19
901	11
911	19
921	19
931	11
941	12
951	15
961	11
971	13
981	9
991	12
1001	9
1011	10
1021	8
1031	7
1041	11
1051	10
1061	9
1071	7
1081	7
1091	1
1101	5
1111	11
1121	4
1131	7
1141	5
1151	4
1161	3
1171	9
1181	14
1191	8
1201	8
1211	4
1221	6
1231	5
1241	7
1251	7
1261	6
1271	4
1281	5
1291	7
1301	4
1311	1
1321	6
1331	4
1341	5
1351	5
1361	7
1371	5
1381	6
1391	4
1401	2
1411	4
1421	2
1431	1
1441	4
1451	4
1461	4
1471	5
1481	4
1491	1
1501	3
1511	2
1521	2
1531	4
1541	2
1551	4
1561	1
1571	4
1581	4
1591	1
1601	2
1611	1
1621	1
1631	1
1641	4
1651	1
1661	2
1671	2
1681	4
1701	1
1711	3
1721	3
1731	5
1741	2
1751	1
1761	2
1771	1
1781	2
1791	8
1801	3
1811	4
1821	3
1831	3
1841	7
1861	3
1881	1
1901	6
1911	1
1921	3
1931	3
1941	3
1951	6
1961	4
1971	1
1981	2
1991	2
2001	3
2011	2
2021	1
2031	1
2041	2
2051	5
2061	3
2071	1
2081	2
2091	1
2111	2
2121	4
2131	1
2141	1
2151	2
2161	1
2171	1
2181	4
2191	1
2201	3
2211	2
2221	2
2231	1
2241	3
2251	3
2271	4
2281	2
2291	3
2301	1
2311	2
2321	1
2331	2
2341	2
2361	3
2371	2
2381	1
2391	2
2401	1
2411	3
2421	2
2431	1
2451	1
2471	1
2481	1
2501	1
2511	1
2521	1
2531	1
2551	2
2561	3
2591	1
2601	2
2611	1
2621	1
2641	1
2651	1
2671	1
2691	3
2701	2
2711	1
2721	1
2731	2
2791	2
2811	1
2821	1
2861	1
2871	1
2901	1
2941	2
2961	2
3001	2
3011	1
3031	2
3051	1
3081	1
3091	1
3121	1
3181	2
3221	1
3261	1
3281	1
3291	2
3321	2
3351	2
3391	2
3401	1
3421	1
3431	1
3451	1
3481	2
3491	2
3501	1
3521	1
3551	1
3581	2
3601	1
3611	1
3631	2
3661	1
3681	2
3701	1
3741	1
3781	2
3791	1
3871	2
3881	1
3911	1
3981	1
3991	2
4011	2
4061	1
4121	1
4221	1
4271	1
4281	1
4351	1
4361	1
4401	1
4421	1
4451	1
4461	1
4471	1
4511	1
4541	1
4561	2
4601	1
4691	1
4701	1
4741	1
4781	1
4791	1
4811	2
4881	1
4901	1
4911	1
4921	1
4951	1
4961	2
5011	1
5031	1
5081	1
5101	1
5201	2
5221	1
5241	1
5291	1
5301	1
5381	4
5391	1
5421	1
5431	3
5441	2
5461	2
5581	1
5611	1
5641	2
5651	1
5691	2
5721	1
5741	1
5791	1
5811	1
5841	1
5911	2
5941	1
6011	1
6021	1
6031	1
6051	1
6061	1
6091	1
6111	1
6121	1
6131	1
6151	1
6191	2
6331	1
6481	1
6551	1
6601	1
6611	1
6931	1
7031	1
7041	2
7251	1
7291	2
7571	1
7651	1
7661	1
7691	1
7761	1
7841	1
7861	1
8671	1
8751	1
8941	1
9801	1
9971	1
10221	1
10271	1
10561	1
10941	1
11101	1
11481	1
11601	1
11641	1
11811	1
12211	1
12851	1
13601	1
14231	1
14471	1
14861	1
17411	1
18741	1
18911	1
19511	1
19811	1
19951	1
20871	1
23201	1
24651	1
26461	1
27421	1
28291	1
31051	1
31681	1
32681	1
42131	1
52501	1
55821	1
55921	1
64171	1
85391	1
2	965671
12	83673
22	44702
32	27286
42	16808
52	11114
62	7712
72	5608
82	4242
92	3236
102	2581
112	2026
122	1765
132	1538
142	1201
152	1003
162	876
172	752
182	632
192	571
202	521
212	480
222	411
232	352
242	325
252	305
262	297
272	238
282	245
292	229
302	180
312	164
322	170
332	141
342	131
352	145
362	125
372	128
382	114
392	132
402	99
412	88
422	82
432	86
442	85
452	70
462	77
472	49
482	60
492	66
502	50
512	64
522	55
532	58
542	50
552	49
562	59
572	24
582	40
592	40
602	34
612	45
622	36
632	41
642	29
652	28
662	26
672	28
682	29
692	29
702	28
712	17
722	29
732	24
742	21
752	27
762	18
772	15
782	23
792	22
802	14
812	13
822	14
832	14
842	18
852	13
862	13
872	10
882	13
892	10
902	12
912	15
922	16
932	11
942	13
952	13
962	15
972	6
982	12
992	13
1002	9
1012	10
1022	12
1032	15
1042	13
1052	15
1062	8
1072	6
1082	7
1092	8
1102	9
1112	11
1122	10
1132	5
1142	5
1152	6
1162	7
1172	12
1182	3
1192	6
1202	8
1212	4
1222	5
1232	9
1242	8
1252	6
1262	2
1272	5
1282	6
1292	4
1302	1
1312	7
1322	4
1332	2
1342	5
1352	6
1362	2
1372	3
1382	6
1392	1
1402	4
1412	4
1422	3
1432	3
1442	7
1452	3
1462	5
1472	4
1482	5
1492	1
1502	2
1512	1
1522	4
1532	2
1552	3
1562	1
1572	3
1582	2
1592	1
1602	1
1612	2
1622	2
1632	1
1642	2
1652	1
1672	3
1682	1
1702	4
1712	4
1722	1
1732	2
1742	5
1752	4
1762	4
1772	2
1782	1
1792	2
1802	2
1812	1
1832	2
1842	1
1852	1
1862	1
1872	1
1882	3
1892	1
1902	2
1912	5
1922	2
1932	1
1942	2
1962	4
1972	1
1982	6
1992	4
2002	4
2012	2
2022	1
2032	3
2042	2
2062	2
2082	1
2092	2
2102	6
2112	1
2122	2
2132	2
2142	2
2152	3
2162	3
2172	2
2182	4
2192	1
2202	1
2222	1
2232	1
2242	3
2252	4
2262	5
2272	1
2282	6
2302	2
2312	3
2332	1
2342	3
2352	1
2362	1
2382	3
2412	1
2422	2
2442	2
2452	1
2462	3
2472	1
2492	1
2502	1
2512	1
2522	1
2542	1
2562	1
2572	1
2592	2
2612	2
2632	2
2662	2
2672	1
2682	1
2692	3
2732	1
2752	1
2762	2
2792	2
2802	2
2862	1
2872	3
2892	1
2932	2
2942	1
3032	1
3042	1
3052	1
3072	1
3082	1
3112	3
3142	1
3172	1
3182	2
3192	3
3212	1
3262	1
3272	1
3282	1
3292	1
3412	1
3422	1
3462	1
3502	4
3512	3
3532	1
3542	1
3572	1
3622	1
3662	2
3682	2
3702	2
3722	1
3752	1
3762	1
3782	1
3822	2
3842	1
3862	1
3932	1
3992	2
4012	2
4022	1
4052	1
4112	1
4132	1
4142	1
4182	1
4192	1
4362	1
4402	1
4412	1
4432	2
4482	1
4502	1
4532	1
4562	1
4612	1
4682	1
4792	1
4852	1
4882	1
4892	1
4922	1
4942	1
5012	1
5032	1
5112	1
5142	1
5162	1
5212	1
5222	2
5232	1
5242	1
5282	1
5292	1
5302	1
5322	1
5332	1
5342	2
5372	1
5392	2
5432	1
5472	2
5482	1
5502	1
5512	1
5552	1
5562	2
5642	1
5672	1
5692	1
5702	2
5732	1
5762	1
5832	1
5862	2
5892	1
5922	1
5962	1
5972	1
6132	1
6252	1
6282	1
6332	1
6402	1
6462	1
6472	1
6572	1
6592	1
6612	1
6942	1
7122	1
7162	1
7452	1
7482	1
7542	1
7902	1
8162	1
8502	1
8552	1
8632	1
8702	2
9012	1
9242	1
9742	1
9892	1
9972	1
10732	1
10812	1
11932	1
12712	1
13222	1
13652	1
14182	1
14992	1
15452	1
15712	1
17172	1
20842	1
46182	1
73532	1
81942	1
83622	1
3	374089
13	79437
23	42836
33	25899
43	16000
53	10722
63	7394
73	5333
83	3938
93	3259
103	2512
113	1954
123	1667
133	1428
143	1191
153	997
163	878
173	723
183	678
193	568
203	546
213	435
223	402
233	389
243	346
253	335
263	252
273	254
283	254
293	237
303	202
313	168
323	179
333	136
343	135
353	151
363	129
373	94
383	106
393	107
403	83
413	100
423	79
433	83
443	61
453	61
463	74
473	56
483	64
493	54
503	54
513	49
523	49
533	52
543	54
553	49
563	46
573	42
583	44
593	31
603	48
613	28
623	30
633	32
643	37
653	30
663	22
673	27
683	31
693	21
703	32
713	28
723	22
733	20
743	23
753	21
763	16
773	13
783	15
793	15
803	23
813	23
823	12
833	21
843	16
853	10
863	14
873	19
883	18
893	10
903	15
913	9
923	13
933	13
943	12
953	13
963	12
973	13
983	10
993	13
1003	6
1013	10
1023	9
1033	5
1043	4
1053	7
1063	6
1073	7
1083	5
1093	10
1103	4
1113	6
1123	8
1133	6
1143	7
1153	5
1163	4
1173	7
1183	6
1193	8
1203	4
1213	6
1223	7
1233	9
1243	7
1253	5
1263	8
1273	8
1283	8
1293	2
1303	7
1313	3
1323	7
1333	5
1343	6
1353	6
1363	5
1373	1
1383	2
1393	3
1403	5
1413	4
1423	6
1433	7
1443	4
1453	3
1463	2
1473	5
1483	1
1493	2
1503	7
1513	2
1523	4
1533	3
1543	2
1553	3
1563	3
1573	2
1583	1
1593	2
1603	4
1613	2
1623	2
1633	4
1643	3
1653	1
1663	6
1673	6
1683	2
1693	2
1703	2
1713	1
1723	2
1733	2
1743	4
1753	1
1773	3
1783	2
1793	2
1803	1
1813	2
1823	1
1833	3
1843	1
1853	2
1863	1
1883	4
1893	5
1903	2
1913	5
1923	2
1933	1
1943	1
1953	2
1963	2
1973	2
1983	2
1993	2
2003	2
2013	4
2023	3
2033	2
2043	1
2063	1
2073	2
2083	2
2093	1
2103	2
2113	1
2123	1
2133	2
2143	7
2153	5
2163	2
2193	4
2203	2
2213	6
2223	1
2233	4
2243	3
2253	2
2263	1
2273	3
2283	1
2293	2
2303	1
2313	1
2333	3
2353	1
2363	1
2373	2
2393	1
2403	1
2413	1
2433	1
2463	3
2473	2
2493	1
2513	1
2523	2
2533	2
2563	1
2583	2
2623	1
2643	1
2663	2
2673	1
2683	1
2703	3
2723	1
2733	2
2783	2
2803	2
2823	1
2843	2
2853	1
2883	2
2893	1
2933	1
2943	1
2953	2
2973	2
2983	1
3013	1
3023	1
3033	2
3043	1
3053	1
3093	1
3103	1
3173	2
3183	1
3193	1
3203	2
3223	1
3243	1
3253	2
3263	1
3273	1
3283	1
3303	1
3313	1
3333	3
3373	1
3413	2
3433	2
3503	1
3513	2
3543	2
3573	2
3673	1
3693	1
3703	1
3723	1
3733	1
3753	1
3773	2
3853	1
3893	1
3943	1
3963	1
4033	1
4043	1
4163	1
4183	2
4203	1
4253	1
4293	1
4353	1
4373	1
4403	1
4473	1
4493	1
4503	1
4643	1
4713	1
4723	1
4733	2
4743	1
4753	1
4773	1
4793	1
4813	1
4823	1
4833	1
4853	1
4863	1
4883	1
4893	1
4903	1
4913	1
5013	1
5053	1
5063	1
5093	1
5113	1
5183	2
5213	1
5233	1
5243	1
5313	1
5323	2
5383	1
5423	1
5433	1
5443	1
5473	1
5543	1
5563	1
5593	1
5633	1
5693	1
5713	1
5733	1
5743	1
5783	1
5923	2
5963	1
5973	1
5993	1
6023	1
6043	1
6053	1
6063	1
6083	1
6093	1
6203	1
6213	2
6223	2
6253	1
6263	1
6603	1
6703	1
6813	1
6873	1
6933	1
6973	2
6993	1
7113	1
7193	1
7383	1
7723	1
8033	1
8333	1
8453	1
8833	1
9103	1
9203	1
9393	1
9483	1
9683	1
9823	1
9993	1
10433	1
10803	1
11293	1
11333	1
11813	1
11863	1
12703	1
13183	1
13593	1
13833	1
13983	1
14733	1
15713	1
17673	1
17783	1
17873	1
19643	1
19873	1
21903	1
24673	1
33553	1
37613	1
41053	1
44573	1
54433	1
66623	1
76723	1
77543	1
106393	1
4	215027
14	73139
24	40012
34	24699
44	15358
54	10138
64	7310
74	5290
84	3955
94	3132
104	2560
114	2055
124	1663
134	1422
144	1209
154	986
164	871
174	710
184	615
194	557
204	522
214	498
224	410
234	347
244	335
254	317
264	258
274	262
284	200
294	220
304	196
314	165
324	168
334	157
344	156
354	131
364	129
374	119
384	107
394	108
404	103
414	98
424	89
434	82
444	84
454	59
464	61
474	64
484	66
494	69
504	51
514	58
524	58
534	52
544	57
554	40
564	46
574	40
584	38
594	39
604	38
614	24
624	28
634	35
644	42
654	36
664	29
674	21
684	24
694	21
704	17
714	26
724	22
734	26
744	23
754	21
764	18
774	19
784	24
794	23
804	15
814	14
824	18
834	12
844	15
854	15
864	10
874	21
884	11
894	11
904	10
914	11
924	14
934	6
944	13
954	7
964	12
974	11
984	11
994	9
1004	11
1014	11
1024	7
1034	6
1044	7
1054	17
1064	11
1074	9
1084	3
1094	14
1104	7
1114	11
1124	7
1134	6
1144	12
1154	8
1164	10
1174	9
1184	2
1194	8
1214	10
1224	1
1234	7
1244	7
1254	2
1264	7
1274	8
1284	7
1294	3
1304	3
1314	10
1324	4
1334	4
1344	2
1354	8
1364	5
1374	7
1384	2
1394	3
1404	3
1414	2
1424	6
1434	4
1444	2
1454	5
1464	3
1474	5
1484	2
1494	6
1504	5
1514	3
1524	6
1534	3
1544	6
1564	3
1574	2
1584	2
1594	3
1604	2
1614	3
1624	7
1634	1
1644	1
1654	2
1664	2
1674	2
1684	5
1694	3
1724	2
1734	1
1744	4
1764	1
1774	3
1784	1
1794	2
1804	3
1814	1
1824	3
1834	1
1844	3
1854	2
1864	6
1874	1
1884	1
1894	1
1904	1
1914	5
1924	4
1934	2
1944	2
1954	3
1964	2
1974	4
1984	1
1994	5
2004	7
2014	2
2024	3
2034	2
2044	4
2054	2
2064	3
2074	3
2084	3
2104	2
2114	2
2134	2
2144	1
2154	1
2164	5
2174	6
2184	2
2194	1
2204	1
2214	2
2224	4
2244	2
2254	1
2264	2
2274	3
2284	1
2294	1
2314	1
2334	1
2344	3
2364	1
2374	3
2384	2
2394	2
2414	1
2434	2
2454	2
2474	1
2484	1
2514	1
2524	1
2544	3
2574	2
2604	1
2614	1
2624	1
2664	1
2674	1
2694	1
2714	2
2724	1
2734	2
2764	1
2774	1
2814	3
2834	1
2844	2
2854	1
2864	1
2874	2
2914	1
2924	1
2974	1
3014	1
3054	2
3074	2
3104	2
3114	1
3134	1
3144	2
3194	1
3214	1
3224	1
3234	1
3244	1
3314	1
3364	1
3374	1
3404	2
3424	1
3444	2
3454	1
3544	1
3564	1
3594	2
3674	2
3724	1
3784	1
3804	1
3834	1
3904	1
3924	1
4024	1
4054	1
4064	1
4074	1
4104	1
4114	1
4254	1
4264	1
4334	1
4344	1
4354	1
4414	3
4444	1
4534	1
4544	1
4564	1
4624	1
4664	2
4784	1
4924	1
4974	1
4984	1
4994	1
5024	2
5034	2
5064	2
5074	1
5104	1
5114	2
5124	1
5134	1
5174	2
5234	1
5264	2
5274	2
5304	1
5344	1
5374	2
5394	1
5414	3
5484	1
5534	1
5544	1
5564	1
5614	1
5634	1
5824	1
5884	1
5904	1
5934	1
5964	2
6064	1
6174	1
6204	1
6214	1
6554	1
6634	1
6644	1
6694	1
6714	1
6734	1
6744	1
6754	1
6814	1
6874	1
6954	1
7134	1
7154	1
7174	1
7304	1
7344	1
7504	1
7974	1
8014	1
8084	1
8164	1
8314	1
8334	1
8344	1
8674	1
8734	1
8824	1
9024	1
9094	1
9304	1
9444	1
9924	1
9974	1
10444	1
10694	1
11434	1
11664	1
12704	1
13934	1
14254	1
15004	1
15224	1
15524	1
15544	1
15574	1
16094	1
16254	1
16504	1
17584	1
17834	1
18674	1
20834	1
22114	1
22994	1
23234	1
28744	1
31344	1
31904	1
36494	1
39484	1
43854	1
54664	1
61584	1
65144	1
66224	1
74224	1
75044	1
79224	1
96424	1
143764	1
5	157453
15	68919
25	38322
35	23666
45	14989
55	9885
65	6947
75	5037
85	3954
95	2974
105	2504
115	1994
125	1617
135	1388
145	1210
155	970
165	816
175	742
185	635
195	586
205	511
215	490
225	459
235	385
245	296
255	287
265	290
275	230
285	269
295	223
305	185
315	196
325	156
335	137
345	143
355	123
365	125
375	108
385	87
395	94
405	98
415	85
425	75
435	63
445	68
455	72
465	70
475	67
485	68
495	56
505	53
515	54
525	64
535	64
545	46
555	47
565	44
575	37
585	42
595	38
605	42
615	28
625	34
635	21
645	33
655	42
665	27
675	21
685	26
695	21
705	28
715	30
725	21
735	15
745	24
755	15
765	26
775	21
785	18
795	20
805	19
815	17
825	22
835	27
845	17
855	16
865	9
875	20
885	10
895	11
905	16
915	14
925	16
935	16
945	6
955	18
965	14
975	6
985	10
995	11
1005	12
1015	10
1025	8
1035	4
1045	12
1055	9
1065	10
1075	4
1085	10
1095	6
1105	7
1115	9
1125	9
1135	2
1145	12
1155	13
1165	9
1175	6
1185	6
1195	3
1205	6
1215	2
1225	4
1235	1
1245	9
1255	5
1265	11
1275	9
1285	7
1295	8
1305	4
1315	5
1325	4
1335	8
1345	4
1355	5
1365	5
1375	12
1385	5
1395	6
1405	4
1415	3
1425	2
1435	3
1445	3
1455	4
1465	2
1475	4
1485	3
1495	5
1505	2
1515	5
1525	5
1535	4
1545	7
1555	3
1565	6
1575	2
1585	2
1595	3
1605	2
1615	4
1625	6
1635	5
1645	6
1655	8
1665	2
1685	1
1695	2
1705	1
1715	3
1725	2
1735	1
1745	3
1755	2
1765	2
1775	3
1785	3
1795	4
1805	2
1815	1
1825	1
1835	4
1845	1
1865	2
1875	5
1885	3
1895	2
1915	1
1925	3
1935	4
1945	5
1955	2
1965	3
1975	1
1985	2
1995	2
2005	3
2015	4
2025	4
2035	2
2045	3
2055	2
2065	6
2075	3
2085	1
2095	2
2105	1
2115	2
2125	3
2135	1
2145	3
2155	3
2165	4
2175	1
2185	1
2195	6
2205	1
2215	3
2225	3
2235	1
2245	2
2255	2
2275	1
2285	2
2295	1
2325	2
2335	1
2345	2
2355	1
2365	1
2375	1
2395	2
2405	1
2425	2
2435	2
2455	1
2465	1
2475	2
2495	2
2505	3
2515	1
2525	1
2545	1
2555	1
2565	1
2575	2
2615	1
2645	1
2665	1
2685	1
2695	2
2705	1
2715	1
2745	1
2765	1
2775	1
2785	1
2795	2
2815	1
2825	1
2875	1
2905	1
2915	2
2935	2
2975	2
2985	2
3005	1
3015	1
3025	1
3035	2
3065	1
3075	1
3115	2
3125	3
3155	1
3165	1
3225	1
3245	1
3255	2
3265	2
3325	2
3335	1
3345	2
3415	1
3435	1
3485	2
3535	1
3545	1
3555	1
3585	1
3615	2
3645	2
3695	2
3725	1
3785	1
3795	1
3915	1
3925	1
3935	1
3965	1
3975	1
3995	2
4005	1
4115	2
4125	1
4235	1
4245	1
4255	1
4275	1
4295	1
4315	1
4355	1
4435	1
4445	1
4455	1
4495	1
4535	1
4585	1
4645	1
4695	1
4795	1
4805	2
4845	1
4905	1
4915	1
4945	1
4965	1
5005	1
5025	1
5045	1
5055	1
5075	2
5105	2
5115	1
5125	1
5135	1
5145	1
5155	2
5175	2
5195	2
5275	1
5285	1
5335	1
5345	2
5355	2
5395	2
5405	1
5435	1
5455	1
5615	1
5625	1
5645	1
5715	1
5745	1
5765	1
5785	1
5795	1
5805	1
5825	1
5865	1
5935	1
6005	3
6045	1
6235	1
6245	1
6295	1
6425	1
6615	1
6775	1
6885	1
6905	1
6985	1
7065	1
7085	1
7465	1
7675	1
7725	1
7935	1
7975	1
8065	1
8125	1
8235	1
8395	1
8765	1
8875	1
8895	1
9425	1
9475	1
9555	1
9655	1
9675	1
10035	1
10095	1
10395	1
10645	1
11495	1
11645	2
11925	1
12115	1
13175	1
13645	1
13775	1
13885	1
16105	1
17915	1
18015	1
18695	1
19885	1
21625	1
22185	1
22205	1
22895	1
24555	1
25425	1
25875	1
26085	1
27585	1
28135	1
28525	1
31925	1
33805	1
36295	1
38235	1
53845	1
54815	1
65025	1
70005	1
103375	1
315125	1
6	129167
16	64164
26	36383
36	22401
46	14116
56	9591
66	6800
76	5049
86	3786
96	2968
106	2404
116	1980
126	1578
136	1315
146	1165
156	1003
166	862
176	693
186	638
196	574
206	482
216	455
226	397
236	347
246	332
256	317
266	249
276	254
286	227
296	194
306	175
316	162
326	150
336	171
346	161
356	122
366	130
376	93
386	108
396	112
406	89
416	83
426	89
436	78
446	79
456	69
466	75
476	59
486	83
496	58
506	69
516	58
526	41
536	57
546	47
556	45
566	46
576	37
586	39
596	24
606	36
616	30
626	43
636	21
646	41
656	30
666	28
676	30
686	25
696	26
706	20
716	31
726	26
736	21
746	20
756	31
766	15
776	21
786	21
796	13
806	12
816	15
826	12
836	12
846	27
856	14
866	7
876	23
886	17
896	17
906	15
916	19
926	14
936	16
946	14
956	12
966	19
976	7
986	8
996	7
1006	13
1016	8
1026	18
1036	8
1046	21
1056	6
1066	10
1076	7
1086	5
1096	7
1106	5
1116	9
1126	11
1136	9
1146	8
1156	9
1166	2
1176	9
1186	7
1196	9
1206	6
1216	6
1226	5
1236	3
1246	5
1256	7
1266	11
1276	4
1286	4
1296	4
1306	2
1316	10
1326	2
1336	4
1346	2
1356	8
1366	4
1376	7
1386	1
1396	2
1406	3
1416	6
1426	9
1436	4
1446	5
1456	3
1466	3
1476	5
1486	6
1496	4
1506	3
1516	3
1526	5
1536	1
1546	1
1556	2
1566	5
1576	2
1586	4
1596	5
1606	6
1616	1
1626	1
1636	4
1656	2
1666	5
1686	5
1696	4
1706	3
1716	3
1726	1
1736	6
1756	1
1766	2
1776	1
1786	1
1796	2
1806	4
1826	1
1836	3
1846	3
1856	1
1866	1
1876	3
1886	2
1896	3
1916	1
1936	4
1946	2
1956	3
1966	5
1976	4
1986	3
2006	2
2016	3
2026	2
2036	1
2046	3
2056	2
2066	4
2076	2
2086	1
2096	3
2106	4
2116	4
2126	3
2136	1
2146	2
2156	4
2166	1
2176	1
2186	3
2196	4
2206	2
2226	2
2236	4
2246	1
2266	2
2276	1
2296	2
2306	1
2326	4
2336	1
2346	1
2356	2
2376	1
2386	3
2416	1
2436	1
2446	3
2466	3
2476	2
2486	1
2496	1
2526	1
2566	1
2596	2
2606	1
2636	1
2676	1
2686	1
2716	1
2736	1
2766	2
2776	1
2786	1
2806	1
2816	1
2826	2
2836	2
2846	1
2866	2
2896	1
2906	1
2926	1
2996	1
3016	1
3026	1
3046	1
3076	1
3086	1
3106	1
3136	1
3166	1
3176	1
3216	1
3226	1
3236	2
3256	1
3286	1
3296	1
3316	1
3326	3
3346	1
3446	1
3466	1
3476	1
3546	2
3556	1
3606	1
3636	1
3676	1
3696	1
3706	1
3716	1
3746	1
3766	1
3866	3
3906	1
3966	1
4026	1
4056	2
4076	1
4166	2
4176	2
4226	3
4276	1
4316	2
4396	1
4426	2
4436	1
4516	1
4546	1
4596	1
4666	1
4676	1
4816	2
4846	1
4956	1
4976	1
4996	2
5026	1
5036	1
5056	1
5086	1
5126	2
5156	2
5166	1
5176	1
5206	2
5226	1
5236	1
5276	1
5306	1
5316	1
5346	1
5356	1
5376	1
5436	1
5516	1
5536	2
5586	1
5626	1
5676	1
5686	1
5696	1
5736	1
5756	1
5866	1
5986	1
6026	1
6086	1
6176	1
6356	1
6466	1
6506	1
6536	1
6716	1
6866	1
6926	1
6946	1
6956	1
7246	1
7266	1
7286	1
7386	1
7656	1
7676	1
7746	1
7846	1
8236	1
8346	1
8416	1
8746	1
8796	1
8996	1
9196	1
10016	1
10526	1
10576	1
10736	1
11356	1
11786	1
12016	1
12026	1
12116	1
12236	1
12656	1
12786	1
13116	1
13176	2
14416	1
14826	1
15066	1
15486	1
16196	1
17216	1
17816	1
19296	1
19816	1
20416	1
26526	1
31536	1
32306	1
35126	1
39456	1
42246	1
53666	1
94516	1
7	108612
17	60051
27	34258
37	21386
47	13467
57	9120
67	6463
77	4694
87	3767
97	2927
107	2352
117	1862
127	1612
137	1388
147	1080
157	962
167	842
177	698
187	634
197	573
207	457
217	441
227	392
237	355
247	328
257	287
267	267
277	255
287	219
297	228
307	178
317	149
327	156
337	157
347	142
357	127
367	101
377	109
387	98
397	111
407	81
417	89
427	87
437	74
447	69
457	87
467	58
477	71
487	50
497	55
507	66
517	44
527	40
537	47
547	53
557	46
567	38
577	41
587	31
597	36
607	32
617	33
627	38
637	37
647	26
657	34
667	30
677	28
687	18
697	22
707	16
717	25
727	29
737	22
747	23
757	19
767	17
777	20
787	16
797	19
807	22
817	17
827	16
837	23
847	19
857	14
867	16
877	18
887	10
897	11
907	16
917	7
927	13
937	19
947	11
957	7
967	6
977	10
987	13
997	8
1007	5
1017	14
1027	15
1037	6
1047	12
1057	10
1067	8
1077	6
1087	4
1097	13
1107	10
1117	3
1127	8
1137	4
1147	12
1157	1
1167	10
1177	4
1187	6
1197	5
1207	2
1217	7
1227	7
1237	6
1247	6
1257	7
1267	7
1277	7
1287	5
1297	5
1307	3
1317	4
1327	4
1337	3
1347	5
1357	2
1367	8
1377	4
1387	6
1397	5
1407	7
1417	4
1427	4
1437	6
1447	6
1457	3
1467	3
1477	5
1487	4
1497	3
1507	2
1517	6
1527	4
1537	4
1547	3
1557	2
1567	1
1587	1
1597	3
1607	1
1617	2
1627	4
1637	1
1647	1
1657	3
1667	4
1677	1
1687	2
1697	1
1707	1
1717	2
1737	3
1747	4
1757	6
1777	5
1787	2
1797	3
1807	4
1817	3
1827	3
1837	1
1867	4
1877	3
1887	2
1907	3
1917	2
1927	3
1937	3
1947	1
1957	3
1967	1
1977	4
1987	3
1997	1
2007	2
2017	2
2037	5
2047	2
2057	2
2067	8
2087	5
2097	5
2107	1
2117	2
2127	3
2147	5
2157	4
2167	4
2177	1
2197	1
2207	2
2217	1
2227	1
2237	4
2247	1
2257	2
2267	2
2277	1
2307	2
2317	2
2327	2
2337	1
2367	2
2377	2
2407	1
2417	1
2437	1
2447	2
2457	1
2497	1
2507	1
2527	1
2537	3
2547	1
2567	1
2587	3
2607	2
2627	1
2637	2
2697	1
2707	1
2737	1
2757	1
2777	1
2797	1
2817	1
2827	1
2847	3
2857	2
2877	1
2887	1
2897	1
2907	1
2927	2
2937	3
2967	1
2997	1
3007	1
3027	1
3037	1
3057	1
3067	1
3077	2
3087	2
3097	1
3107	1
3137	1
3187	2
3207	1
3237	1
3247	1
3257	1
3277	1
3307	1
3387	2
3397	1
3447	1
3477	1
3517	1
3537	1
3607	2
3617	1
3657	1
3687	1
3707	1
3727	1
3747	1
3787	1
3837	1
3957	1
3967	1
4007	1
4087	1
4137	1
4177	1
4317	1
4347	1
4407	1
4427	1
4437	1
4507	1
4517	1
4557	1
4617	1
4627	1
4657	1
4747	1
4757	1
4797	1
4837	1
4857	1
4867	2
4887	1
4917	1
4927	1
5047	1
5097	1
5117	2
5157	2
5167	1
5207	2
5237	1
5257	1
5277	2
5317	1
5347	1
5357	2
5397	1
5427	1
5537	1
5547	1
5557	1
5617	1
5637	1
5777	1
5797	1
5827	2
5957	1
6017	1
6057	1
6497	2
6567	1
6627	1
6747	2
6787	1
6807	1
6817	1
7007	1
7027	1
7187	1
7207	1
7267	1
7317	1
7637	1
7797	1
7907	1
8107	1
8207	1
8347	1
8687	1
8717	1
8867	1
9097	1
9137	1
9437	1
10007	1
10197	1
10207	1
10347	1
11957	1
12517	1
12607	1
12697	1
13047	1
13507	1
14307	1
14327	1
14347	1
14377	1
15227	1
15397	1
15447	1
15537	1
15927	1
16717	1
17577	1
18687	1
19217	1
19867	1
25397	1
27837	1
28097	1
28337	1
29397	1
30407	1
36417	1
70197	1
8	99952
18	56616
28	32629
38	20476
48	12755
58	8827
68	6273
78	4727
88	3546
98	2825
108	2326
118	1835
128	1494
138	1304
148	1038
158	925
168	822
178	685
188	599
198	521
208	509
218	414
228	408
238	336
248	312
258	290
268	268
278	255
288	248
298	210
308	207
318	180
328	147
338	153
348	138
358	137
368	129
378	118
388	119
398	102
408	95
418	84
428	89
438	81
448	78
458	69
468	63
478	58
488	71
498	68
508	68
518	62
528	55
538	45
548	54
558	48
568	43
578	25
588	37
598	31
608	30
618	42
628	38
638	33
648	35
658	24
668	26
678	34
688	27
698	26
708	20
718	26
728	26
738	24
748	16
758	19
768	23
778	16
788	19
798	14
808	12
818	21
828	20
838	19
848	14
858	18
868	20
878	9
888	24
898	10
908	16
918	14
928	13
938	15
948	16
958	8
968	12
978	9
988	12
998	5
1008	4
1018	16
1028	9
1038	3
1048	13
1058	8
1068	3
1078	4
1088	13
1098	3
1108	9
1118	8
1128	4
1138	6
1148	10
1158	10
1168	8
1178	5
1188	11
1198	3
1208	7
1218	2
1228	3
1238	5
1248	5
1258	4
1268	6
1278	3
1288	2
1298	9
1308	5
1318	7
1328	6
1338	3
1348	5
1358	6
1368	5
1378	6
1388	7
1398	6
1408	8
1418	4
1428	5
1438	4
1448	3
1458	4
1468	8
1488	3
1498	1
1508	3
1518	4
1528	1
1538	2
1548	4
1558	4
1568	4
1588	1
1598	2
1608	5
1618	3
1628	2
1638	4
1648	2
1658	2
1668	3
1678	1
1688	2
1698	2
1708	3
1718	3
1728	3
1738	3
1748	4
1768	4
1778	4
1788	2
1808	2
1818	4
1848	1
1858	2
1868	1
1888	3
1908	1
1918	2
1928	2
1938	3
1948	3
1958	2
1968	5
1978	3
1988	3
1998	5
2008	1
2018	1
2028	1
2038	1
2058	1
2068	1
2078	1
2088	1
2098	5
2108	4
2118	2
2128	2
2138	2
2168	1
2178	4
2188	1
2198	1
2208	2
2218	1
2228	2
2238	1
2258	1
2278	2
2288	1
2298	2
2308	1
2318	1
2328	1
2338	1
2348	2
2358	1
2368	1
2378	1
2388	1
2398	1
2418	2
2428	1
2458	1
2468	2
2478	2
2488	2
2498	3
2508	1
2518	2
2538	1
2548	4
2558	2
2578	1
2588	1
2598	1
2608	2
2618	1
2628	1
2638	1
2678	1
2698	1
2718	1
2738	2
2748	1
2798	1
2808	1
2838	2
2848	1
2868	2
2878	1
2888	2
2898	1
2918	1
2948	1
2968	3
2998	2
3008	1
3068	1
3078	1
3088	1
3098	1
3118	1
3128	1
3138	1
3188	3
3218	2
3238	1
3258	1
3268	2
3288	1
3308	1
3318	1
3328	1
3338	2
3358	1
3428	1
3498	1
3518	1
3558	2
3588	1
3598	1
3618	1
3638	2
3648	1
3658	1
3688	1
3698	2
3718	1
3738	1
3758	2
3778	1
3788	1
3818	1
3838	1
3848	1
3858	1
3868	1
3908	2
3918	1
3928	1
4028	2
4088	1
4108	3
4118	1
4178	1
4198	1
4328	1
4368	2
4378	1
4388	1
4408	1
4538	1
4698	1
4708	1
4768	1
4778	1
4788	1
4818	1
4828	2
4878	2
4908	1
4918	1
5058	1
5068	1
5118	1
5138	1
5158	1
5178	1
5208	1
5218	2
5228	1
5238	1
5248	1
5258	1
5298	1
5318	2
5338	1
5348	1
5368	1
5378	1
5398	1
5408	1
5438	1
5468	1
5498	1
5528	1
5548	2
5568	1
5588	1
5628	1
5648	1
5658	1
5678	1
5688	1
5698	1
5708	1
5738	1
5748	1
5768	2
5778	1
5788	1
5868	1
5878	1
5988	1
6008	1
6048	1
6178	1
6188	1
6198	2
6248	2
6278	1
6288	1
6358	1
6408	1
6488	1
6548	2
6608	1
6618	1
6668	1
6678	1
6708	1
6728	1
6878	1
6948	1
7008	1
7268	1
7308	1
7488	1
7958	2
7978	1
8218	1
8808	1
8978	1
9418	1
9448	1
10978	1
11018	1
11118	1
11308	1
11388	1
11598	1
12428	1
12708	1
13118	1
13248	1
13558	1
14538	1
15088	1
17578	1
18078	1
18618	1
19378	1
19878	1
23048	1
23608	1
24368	1
26158	1
31348	1
31468	1
32028	1
39718	1
48568	1
9	91748
19	52767
29	30908
39	19440
49	12646
59	8596
69	6146
79	4676
89	3507
99	2729
109	2280
119	1843
129	1495
139	1285
149	1070
159	927
169	861
179	692
189	677
199	517
209	503
219	402
229	364
239	365
249	349
259	288
269	269
279	232
289	222
299	202
309	185
319	176
329	154
339	163
349	138
359	138
369	106
379	123
389	98
399	102
409	94
419	90
429	82
439	80
449	78
459	66
469	71
479	67
489	58
499	59
509	59
519	50
529	40
539	47
549	53
559	40
569	39
579	36
589	40
599	32
609	34
619	38
629	22
639	36
649	37
659	28
669	30
679	27
689	25
699	30
709	29
719	30
729	18
739	19
749	20
759	21
769	23
779	16
789	17
799	20
809	25
819	19
829	16
839	13
849	14
859	19
869	10
879	11
889	10
899	13
909	14
919	7
929	12
939	19
949	11
959	8
969	16
979	11
989	7
999	13
1009	7
1019	9
1029	10
1039	10
1049	3
1059	6
1069	8
1079	6
1089	7
1099	5
1109	8
1119	5
1129	10
1139	8
1149	8
1159	5
1169	6
1179	6
1189	10
1199	6
1209	8
1219	5
1229	3
1239	6
1249	5
1259	10
1269	7
1279	3
1289	4
1299	7
1309	4
1319	7
1329	3
1339	4
1349	2
1359	4
1369	4
1379	3
1389	3
1399	4
1409	2
1419	3
1429	4
1439	5
1449	4
1459	1
1469	3
1479	4
1489	4
1499	1
1509	5
1519	2
1529	3
1539	3
1549	6
1559	3
1569	7
1589	1
1599	2
1609	3
1619	5
1629	3
1639	3
1649	5
1659	5
1669	2
1679	3
1699	4
1709	3
1719	6
1729	2
1739	4
1749	5
1759	4
1769	5
1779	2
1789	2
1799	3
1809	2
1819	4
1829	1
1839	1
1859	1
1889	4
1899	2
1909	5
1919	3
1929	2
1939	1
1949	3
1959	3
1969	1
1979	4
1989	2
1999	5
2009	5
2019	1
2029	1
2039	1
2049	2
2059	3
2069	4
2079	4
2109	3
2119	3
2139	1
2149	2
2159	3
2169	4
2179	5
2189	1
2199	4
2209	2
2219	1
2229	3
2239	1
2249	1
2259	1
2269	1
2279	1
2289	2
2299	3
2309	3
2319	2
2329	2
2339	2
2349	2
2359	1
2369	1
2379	2
2389	2
2399	2
2429	1
2439	1
2449	2
2459	3
2489	1
2499	1
2509	1
2539	2
2549	1
2559	2
2569	1
2579	1
2589	2
2599	2
2609	2
2639	1
2649	1
2659	1
2679	2
2689	1
2699	2
2719	2
2729	3
2789	1
2799	1
2849	1
2869	2
2889	1
2909	1
2939	1
2989	1
2999	1
3009	1
3019	2
3089	1
3109	3
3119	1
3139	1
3179	1
3199	1
3209	1
3219	1
3239	1
3269	1
3309	1
3339	2
3369	2
3379	1
3409	1
3429	1
3439	2
3479	1
3529	1
3539	1
3579	1
3589	1
3639	1
3669	1
3709	2
3719	1
3729	1
3739	1
3759	1
3769	1
3809	1
3879	1
3949	1
3969	1
4019	1
4049	1
4069	1
4169	1
4179	1
4259	3
4309	1
4399	1
4429	1
4489	1
4509	1
4699	1
4749	2
4779	1
4789	1
4799	1
4829	1
4879	1
4929	1
4939	1
4979	1
4999	1
5019	1
5109	1
5149	1
5159	1
5219	1
5249	2
5279	1
5299	1
5329	1
5399	2
5429	1
5449	1
5479	1
5539	1
5549	3
5589	1
5639	1
5689	1
5729	1
5749	1
5799	1
5809	1
5819	1
5849	1
5859	1
5899	2
5919	1
5979	1
6029	1
6099	2
6179	2
6209	1
6429	1
6479	1
6699	2
6829	1
6879	1
7059	1
7169	1
7179	1
7509	1
7729	1
7819	1
7859	1
7929	1
7979	1
8199	1
8269	1
8419	1
9049	1
9109	1
9199	1
9389	1
9529	1
9639	1
9649	1
9809	1
9959	1
11559	1
12619	1
12749	1
12819	1
12849	1
12989	1
14449	1
14749	1
14799	1
14899	1
16359	1
16409	1
17049	1
17939	1
17999	1
18009	1
19359	1
20839	1
21849	1
23179	1
24039	1
27329	1
27469	1
31619	1
45879	1
48709	1
56039	1
64559	1
84499	1
