0	405
1	2537
10	2134
100	227
1000	5474
1001	4669
1002	2537
1003	5474
1004	2537
1005	2537
1006	2185
1007	2185
1008	2537
1009	2185
101	227
1010	227
1011	265
1012	2626
1013	2537
1014	2537
1015	4669
1016	3620
1017	265
1018	4759
1019	2185
102	227
1020	2626
1021	4669
1022	405
1023	2626
1024	3233
1025	227
1026	4669
1027	2537
1028	4669
1029	265
103	227
1030	265
1031	265
1032	227
1033	2185
1034	265
1035	4669
1036	3620
1037	3620
1038	2185
1039	265
104	227
1040	2185
1041	3620
1042	3620
1043	265
1044	2626
1045	265
1046	2626
1047	4669
1048	2537
1049	4669
105	227
1050	227
1051	2537
1052	405
1053	2537
1054	405
1055	2626
1056	3620
1057	2537
1058	2626
1059	405
106	227
1060	2626
1061	2626
1062	2626
1063	265
1064	2185
1065	2626
1066	2626
1067	2626
1068	2626
1069	405
107	227
1070	405
1071	405
1072	227
1073	227
1074	227
1075	2626
1076	265
1077	2626
1078	227
1079	227
108	227
1080	3620
1081	265
1082	3620
1083	3620
1084	2537
1085	2537
1086	2185
1087	2185
1088	2537
1089	3620
109	227
1090	227
1091	227
1092	2537
1093	4669
1094	5474
1095	2626
1096	3620
1097	2537
1098	2537
1099	2537
11	227
110	227
1100	844
1101	227
1102	2185
1103	3620
1104	3620
1105	2185
1106	2185
1107	265
1108	2185
1109	265
111	227
1110	265
1111	227
1112	2185
1113	2537
1114	4669
1115	2626
1116	2626
1117	2626
1118	3620
1119	2626
112	227
1120	2626
1121	2626
1122	3620
1123	265
1124	2537
1125	405
1126	4669
1127	2185
1128	405
1129	265
113	227
1130	4669
1131	3620
1132	2626
1133	227
1134	3620
1135	2185
1136	2537
1137	3620
1138	2626
1139	405
114	227
1140	4669
1141	844
1142	2537
1143	4669
1144	2626
1145	3620
1146	2537
1147	2626
1148	2626
1149	2626
115	227
1150	2626
1151	4669
1152	4669
1153	2537
1154	4669
1155	3620
1156	2185
1157	3620
1158	405
1159	2626
116	227
1160	265
1161	2185
1162	2537
1163	2537
1164	2185
1165	2626
1166	227
1167	2626
1168	4759
1169	227
117	227
1170	2537
1171	2626
1172	2185
1173	265
1174	3233
1175	4669
1176	3620
1177	2626
1178	3620
1179	2626
118	227
1180	2626
1181	227
1182	2185
1183	3620
1184	2537
1185	2537
1186	2537
1187	405
1188	2537
1189	4669
119	227
1190	2537
1191	405
1192	3620
1193	2537
1194	2537
1195	2537
1196	227
1197	4669
1198	227
1199	227
12	227
120	227
1200	227
1201	2537
1202	2626
1203	2185
1204	2185
1205	2537
1206	2626
1207	2626
1208	2626
1209	2626
121	227
1210	2626
1211	2626
1212	2626
1213	2626
1214	265
1215	2537
1216	4669
1217	265
1218	227
1219	2626
122	227
1220	2537
1221	2537
1222	2537
1223	227
1224	227
1225	3620
1226	2626
1227	265
1228	4669
1229	2537
123	227
1230	265
1231	4669
1232	2185
1233	2537
1234	3620
1235	265
1236	265
1237	265
1238	2185
1239	2297
124	227
1240	2626
1241	2626
1242	2626
1243	265
1244	227
1245	3620
1246	227
1247	227
1248	265
1249	4669
125	227
1250	265
1251	227
1252	2537
1253	2185
1254	2185
1255	227
1256	2537
1257	2626
1258	2626
1259	3620
126	227
1260	2626
1261	2537
1262	2537
1263	2626
1264	2626
1265	405
1266	2185
1267	3620
1268	4669
1269	4669
127	227
1270	265
1271	2185
1272	265
1273	2537
1274	2537
1275	2626
1276	265
1277	265
1278	265
1279	227
128	227
1280	265
1281	2185
1282	2626
1283	4759
1284	844
1285	4669
1286	4669
1287	2626
1288	4669
1289	2537
129	227
1290	2626
1291	2626
1292	2626
1293	2626
1294	844
1295	265
1296	2626
1297	2626
1298	3620
1299	2626
13	227
130	227
1300	3620
1301	3620
1302	3620
1303	3620
1304	2185
1305	3620
1306	2185
1307	2185
1308	2185
1309	265
131	227
1310	3620
1311	2185
1312	265
1313	265
1314	4669
1315	4669
1316	2185
1317	227
1318	4669
1319	2537
132	227
1320	4669
1321	2185
1322	5474
1323	2626
1324	2626
1325	844
1326	2134
1327	4669
1328	2537
1329	2626
133	227
1330	3620
1331	405
1332	2626
1333	2626
1334	2626
1335	2626
1336	2626
1337	2626
1338	2537
1339	265
134	227
1340	2537
1341	3233
1342	3620
1343	2626
1344	3620
1345	3620
1346	3620
1347	2537
1348	3620
1349	3620
135	227
1350	2626
1351	3620
1352	2185
1353	265
1354	265
1355	265
1356	265
1357	405
1358	405
1359	2185
136	227
1360	227
1361	405
1362	405
1363	405
1364	405
1365	3620
1366	2626
1367	405
1368	405
1369	405
137	227
1370	2185
1371	4759
1372	2537
1373	2626
1374	2185
1375	265
1376	265
1377	265
1378	2185
1379	405
138	227
1380	2537
1381	265
1382	265
1383	4669
1384	2537
1385	2185
1386	265
1387	227
1388	2626
1389	2626
139	227
1390	2185
1391	4669
1392	844
1393	265
1394	405
1395	3620
1396	2185
1397	2537
1398	3620
1399	4669
14	227
140	227
1400	2626
1401	2626
1402	2626
1403	2626
1404	2626
1405	2626
1406	265
1407	3620
1408	2626
1409	4759
141	227
1410	2626
1411	2537
1412	265
1413	265
1414	2297
1415	2626
1416	2626
1417	2626
1418	844
1419	844
142	227
1420	844
1421	2185
1422	265
1423	2185
1424	2537
1425	2185
1426	844
1427	2537
1428	2185
1429	227
143	227
1430	227
1431	2537
1432	3233
1433	2626
1434	3620
1435	2626
1436	2626
1437	3620
1438	265
1439	265
144	227
1440	3620
1441	3620
1442	5474
1443	5474
1444	265
1445	4669
1446	4669
1447	265
1448	2185
1449	2185
145	227
1450	227
1451	2185
1452	4669
1453	3620
1454	2626
1455	3620
1456	2537
1457	405
1458	3620
1459	2537
146	227
1460	4669
1461	2626
1462	3620
1463	405
1464	2626
1465	2626
1466	2537
1467	2185
1468	2626
1469	405
147	227
1470	265
1471	2537
1472	2626
1473	265
1474	265
1475	265
1476	2185
1477	2626
1478	405
1479	2185
148	227
1480	405
1481	2537
1482	2626
1483	405
1484	2626
1485	2185
1486	5474
1487	2185
1488	3033
1489	3620
149	227
1490	4759
1491	2626
1492	4669
1493	265
1494	2626
1495	4669
1496	2537
1497	4669
1498	4669
1499	2185
15	227
150	227
1500	265
1501	2537
1502	4669
1503	2185
1504	2626
1505	2626
1506	227
1507	265
1508	2626
1509	2537
151	227
1510	227
1511	227
1512	4669
1513	265
1514	4669
1515	2185
1516	265
1517	844
1518	3620
1519	2626
152	227
1520	2537
1521	265
1522	405
1523	3620
1524	227
1525	2537
1526	2537
1527	2537
1528	227
1529	2537
153	227
1530	405
1531	227
1532	265
1533	4669
1534	2185
1535	227
1536	2537
1537	2626
1538	265
1539	2537
154	227
1540	4669
1541	2626
1542	227
1543	2626
1544	2626
1545	2185
1546	4669
1547	405
1548	265
1549	265
155	227
1550	2626
1551	405
1552	2185
1553	4669
1554	3620
1555	265
1556	265
1557	265
1558	227
1559	265
156	227
1560	2185
1561	2185
1562	4669
1563	2185
1564	265
1565	4669
1566	227
1567	2537
1568	405
1569	4759
157	4669
1570	2185
1571	2185
1572	2185
1573	265
1574	227
1575	405
1576	227
1577	3620
1578	265
1579	2626
158	227
1580	2626
1581	2626
1582	227
1583	2626
1584	4759
1585	265
1586	265
1587	4759
1588	2185
1589	2185
159	227
1590	4669
1591	405
1592	405
1593	2626
1594	3620
1595	265
1596	2626
1597	3620
1598	3620
1599	3620
16	227
160	227
1600	3620
1601	3620
1602	265
1603	405
1604	2626
1605	405
1606	2626
1607	2626
1608	405
1609	405
161	227
1610	265
1611	2185
1612	2626
1613	2626
1614	2626
1615	2537
1616	3620
1617	2537
1618	3620
1619	3620
162	227
1620	2185
1621	3620
1622	2537
1623	265
1624	3620
1625	3620
1626	2185
1627	2185
1628	265
1629	5474
163	227
1630	4669
1631	405
1632	265
1633	3620
1634	2537
1635	4759
1636	265
1637	2537
1638	2185
1639	2537
164	227
1640	2626
1641	3620
1642	265
1643	2185
1644	4669
1645	844
1646	2626
1647	2626
1648	3620
1649	3620
165	227
1650	2626
1651	227
1652	4759
1653	2626
1654	265
1655	2185
1656	2537
1657	2626
1658	2626
1659	265
166	227
1660	2537
1661	2537
1662	2626
1663	2537
1664	3620
1665	2537
1666	2537
1667	2537
1668	2537
1669	2626
167	227
1670	4669
1671	227
1672	227
1673	2626
1674	2626
1675	4669
1676	405
1677	3620
1678	3620
1679	227
168	227
1680	2537
1681	2626
1682	2626
1683	227
1684	2626
1685	2185
1686	2537
1687	4669
1688	2185
1689	4669
169	227
1690	3620
1691	4669
1692	4669
1693	4669
1694	2185
1695	4669
1696	4669
1697	4669
1698	2626
1699	265
17	2185
170	227
1700	265
1701	2185
1702	2537
1703	265
1704	2537
1705	265
1706	2537
1707	4669
1708	265
1709	2626
171	227
1710	2537
1711	2185
1712	2537
1713	2185
1714	2626
1715	2626
1716	227
1717	2537
1718	2626
1719	227
172	227
1720	265
1721	227
1722	265
1723	265
1724	265
1725	4759
1726	265
1727	2537
1728	2537
1729	2537
173	227
1730	2537
1731	2537
1732	844
1733	2537
1734	2537
1735	2537
1736	2537
1737	2537
1738	2537
1739	227
174	227
1740	2626
1741	2626
1742	2626
1743	2626
1744	2185
1745	2185
1746	2185
1747	4669
1748	405
1749	3033
175	227
1750	2626
1751	2185
1752	4669
1753	227
1754	265
1755	844
1756	844
1757	844
1758	844
1759	844
176	227
1760	2626
1761	844
1762	844
1763	2626
1764	2626
1765	844
1766	844
1767	405
1768	405
1769	405
177	227
1770	2626
1771	3620
1772	3620
1773	3620
1774	3620
1775	2537
1776	265
1777	2537
1778	2537
1779	227
178	227
1780	2537
1781	2537
1782	2537
1783	227
1784	405
1785	405
1786	3620
1787	2185
1788	2185
1789	227
179	227
1790	227
1791	3658
1792	227
1793	227
1794	4669
1795	227
1796	2537
1797	2537
1798	405
1799	265
18	227
180	227
1800	3620
1801	265
1802	2537
1803	3620
1804	265
1805	265
1806	265
1807	844
1808	844
1809	5474
181	227
1810	2537
1811	2537
1812	227
1813	3859
1814	2537
1815	2537
1816	2537
1817	265
1818	2185
1819	2537
182	227
1820	2537
1821	2537
1822	2537
1823	4669
1824	2626
1825	844
1826	2626
1827	2626
1828	2626
1829	3620
183	227
1830	265
1831	265
1832	265
1833	2537
1834	2537
1835	227
1836	405
1837	2185
1838	3620
1839	405
184	227
1840	2626
1841	227
1842	3620
1843	2626
1844	2185
1845	2537
1846	227
1847	2626
1848	227
1849	2626
185	227
1850	2626
1851	4669
1852	3620
1853	3620
1854	265
1855	2626
1856	4669
1857	2626
1858	2626
1859	2626
186	227
1860	265
1861	2185
1862	3620
1863	2185
1864	2626
1865	405
1866	405
1867	405
1868	405
1869	2626
187	227
1870	405
1871	405
1872	265
1873	3620
1874	3620
1875	3620
1876	3620
1877	3620
1878	3620
1879	3620
188	227
1880	4669
1881	3620
1882	4669
1883	4669
1884	3620
1885	3620
1886	3620
1887	4669
1888	4669
1889	4669
189	227
1890	4669
1891	2626
1892	2537
1893	4669
1894	3620
1895	227
1896	2537
1897	227
1898	265
1899	3620
19	227
190	227
1900	3620
1901	2537
1902	265
1903	3620
1904	844
1905	227
1906	227
1907	2297
1908	405
1909	405
191	2185
1910	405
1911	4669
1912	3620
1913	2626
1914	2626
1915	2626
1916	2185
1917	2626
1918	2626
1919	2537
192	227
1920	4669
1921	227
1922	405
1923	405
1924	2537
1925	2537
1926	3620
1927	2537
1928	2185
1929	3620
193	227
1930	265
1931	265
1932	227
1933	2626
1934	3620
1935	265
1936	265
1937	2626
1938	2626
1939	3620
194	227
1940	3620
1941	227
1942	227
1943	227
1944	2185
1945	2626
1946	4759
1947	227
1948	265
1949	4669
195	227
1950	2626
1951	4669
1952	2185
1953	405
1954	2626
1955	2626
1956	3620
1957	2185
1958	2626
1959	2626
196	227
1960	2626
1961	227
1962	2626
1963	405
1964	265
1965	2185
1966	3620
1967	2185
1968	2185
1969	2185
197	227
1970	227
1971	227
1972	265
1973	2537
1974	265
1975	2537
1976	265
1977	4669
1978	4669
1979	3620
198	227
1980	2626
1981	4669
1982	4669
1983	844
1984	4669
1985	405
1986	227
1987	3620
1988	3620
1989	2537
199	227
1990	2185
1991	2537
1992	265
1993	3620
1994	265
1995	2537
1996	2537
1997	2626
1998	2185
1999	3233
2	2134
20	227
200	227
2000	2537
2001	227
2002	265
2003	2626
2004	844
2005	2626
2006	4759
2007	227
2008	2626
2009	2626
201	227
2010	265
2011	4759
2012	2626
2013	2537
2014	844
2015	4669
2016	2626
2017	2626
2018	405
2019	4669
202	227
2020	227
2021	227
2022	405
2023	2537
2024	2537
2025	2537
2026	2626
2027	3620
2028	405
2029	227
203	227
2030	2537
2031	3620
2032	405
2033	405
2034	4669
2035	227
2036	227
2037	2537
2038	4669
2039	2626
204	227
2040	2185
2041	4669
2042	2537
2043	2626
2044	2537
2045	4669
2046	227
2047	227
2048	4669
2049	2537
205	227
2050	265
2051	4759
2052	4759
2053	227
2054	227
2055	4669
2056	4669
2057	2626
2058	227
2059	2185
206	227
2060	2185
2061	2185
2062	227
2063	2185
2064	265
2065	2185
2066	4669
2067	265
2068	265
2069	3620
207	227
2070	2626
2071	2626
2072	2626
2073	2185
2074	405
2075	405
2076	405
2077	265
2078	265
2079	405
208	227
2080	405
2081	2626
2082	2185
2083	265
2084	2185
2085	2185
2086	2626
2087	3620
2088	2626
2089	3620
209	227
2090	2185
2091	844
2093	3620
2094	2626
2095	405
2096	405
2097	2185
2098	265
2099	265
21	227
210	227
2100	265
2101	265
2102	3620
2103	265
2104	2626
2105	2626
2106	227
2107	2626
2108	2626
2109	2626
211	227
2110	2626
2111	2626
2112	2626
2113	227
2114	265
2115	844
2116	405
2117	265
2118	2185
2119	3620
212	227
2120	2185
2121	265
2122	265
2123	227
2124	844
2125	2626
2126	2626
2127	4669
2128	265
2129	4669
213	227
2130	3620
2131	265
2132	2185
2133	265
2134	2626
2135	3620
2136	3620
2137	2626
2138	2626
2139	405
214	227
2140	405
2141	227
2142	2537
2143	2537
2144	4759
2145	2537
2146	2537
2147	227
2148	2537
2149	2537
215	227
2150	2537
2151	2537
2152	2537
2153	227
2154	227
2155	227
2156	2537
2157	2537
2158	227
2159	227
216	227
2160	4669
2161	227
2162	3620
2163	227
2164	3620
2165	2626
2166	4669
2167	4669
2168	4669
2169	4669
217	227
2170	227
2171	2185
2172	227
2173	2537
2174	3620
2175	2626
2176	3620
2177	844
2178	4669
2179	3620
218	227
2180	3620
2181	4669
2182	227
2183	2185
2184	2626
2185	3620
2186	2626
2187	2537
2188	2626
2189	2626
219	227
2190	2537
2191	2537
2192	4669
2193	4669
2194	2626
2195	2626
2196	265
2197	265
2198	4669
2199	2626
22	227
220	227
2200	2537
2201	2626
2202	2537
2203	4669
2204	2626
2205	2626
2206	3233
2207	3658
2208	3658
2209	3658
221	227
2210	265
2211	265
2212	3620
2213	265
2214	265
2215	2626
2216	405
2217	3620
2218	3620
2219	3620
222	227
2220	405
2221	3620
2222	2626
2223	4669
2224	2537
2225	3620
2226	227
2227	3233
2228	3233
2229	3620
223	227
2230	2537
2231	3620
2232	4669
2233	405
2234	2185
2235	265
2236	265
2237	265
2238	265
2239	2626
224	227
2240	227
2241	227
2242	2537
2243	2626
2244	844
2245	3620
2246	3620
2247	227
2248	3620
2249	3620
225	227
2250	3620
2251	2537
2252	2537
2253	3620
2254	227
2255	2626
2256	3620
2257	4669
2258	3620
2259	2537
226	227
2260	405
2261	3620
2262	227
2263	2626
2264	4669
2265	2185
2266	2626
2267	2185
2268	2626
2269	3620
227	227
2270	3620
2271	265
2272	2537
2273	3620
2274	2537
2275	265
2276	4669
2277	265
2278	3033
2279	227
228	227
2280	2626
2281	2626
2282	3620
2283	227
2284	3620
2285	227
2286	4669
2287	2185
2288	3620
2289	3620
229	227
2290	2185
2291	405
2292	405
2293	227
2294	2185
2295	2185
2296	265
2297	2185
2298	2537
2299	227
23	227
230	227
2300	265
2301	2185
2302	2185
2303	2537
2304	4759
2305	2185
2306	3620
2307	2626
2308	265
2309	265
231	227
2310	4759
2311	2185
2312	2537
2313	265
2314	265
2315	2626
2316	4669
2317	3620
2318	2537
2319	2626
232	227
2320	2626
2321	265
2322	2185
2323	2185
2324	3620
2325	2626
2326	2626
2327	2626
2328	4669
2329	844
233	227
2330	265
2331	2537
2332	2537
2333	3620
2334	4669
2335	265
2336	265
2337	2537
2338	2537
2339	2185
234	227
2340	5474
2341	227
2342	4669
2343	4759
2344	2537
2345	2537
2346	2537
2347	2537
2348	3620
2349	227
235	227
2350	227
2351	2537
2352	227
2353	2626
2354	4669
2355	2626
2356	265
2357	3620
2358	3620
2359	4669
236	227
2360	2537
2361	227
2362	3620
2363	844
2364	2537
2365	227
2366	2626
2367	2626
2368	2626
2369	3620
237	2185
2370	265
2371	3620
2372	2626
2373	227
2374	265
2375	2537
2376	3620
2377	3033
2378	227
2379	2626
238	227
2380	227
2381	844
2382	2626
2383	265
2384	3620
2385	4669
2386	265
2387	4669
2388	4669
2389	227
239	227
2390	227
2391	227
2392	3620
2393	2537
2394	2537
2395	2537
2396	2537
2397	2537
2398	4759
2399	2537
24	227
240	227
2400	2185
2401	4759
2402	227
2403	2537
2404	2537
2405	2537
2406	2537
2407	2626
2408	2626
2409	3033
241	227
2410	2537
2411	227
2412	4759
2413	2626
2414	3620
2415	2537
2416	227
2417	2185
2418	265
2419	3620
242	227
2420	4669
2421	3620
2422	3620
2423	405
2424	405
2425	227
2426	2537
2427	4669
2428	2626
2429	2537
243	227
2430	227
2431	265
2432	2185
2433	265
2434	265
2435	265
2436	265
2437	2185
2438	227
2439	265
244	2626
2440	2297
2441	265
2442	2185
2443	2626
2444	227
2445	2537
2446	265
2447	2537
2448	265
2449	265
245	227
2450	4669
2451	405
2452	265
2453	2626
2454	265
2455	2537
2456	4669
2457	4669
2458	4669
2459	4669
246	227
2460	3620
2461	265
2462	227
2463	405
2464	227
2465	2626
2466	265
2467	844
2468	4669
2469	4669
247	227
2470	265
2471	4669
2472	265
2473	265
2474	2537
2475	265
2476	2185
2477	2185
2478	3620
2479	227
248	227
2480	3233
2481	4669
2482	227
2483	227
2484	2537
2485	227
2486	2185
2487	265
2488	2185
2489	2185
249	227
2490	2537
2491	2537
2492	4669
2493	265
2494	265
2495	227
2496	265
2497	2537
2498	3620
2499	2537
25	227
250	227
2500	2626
2501	4669
2502	405
2503	265
2504	2185
2505	3620
2506	405
2507	2185
2508	3620
2509	2626
251	227
2510	265
2511	265
2512	227
2513	2537
2514	2626
2515	4759
2516	2185
2517	2537
2518	3620
2519	2626
252	227
2520	227
2521	265
2522	3620
2523	2537
2524	2537
2525	3620
2526	227
2527	2537
2528	265
2529	5234
253	227
2530	265
2531	265
2532	3233
2533	227
2534	844
2535	2626
2536	2626
2537	3620
2538	2537
2539	2626
254	227
2540	2626
2541	265
2542	265
2543	265
2544	265
2545	265
2546	265
2547	3620
2548	2626
2549	2626
255	227
2550	2537
2551	4669
2552	4669
2553	265
2554	2626
2555	2185
2556	2185
2557	2185
2558	2185
2559	2185
256	227
2560	2185
2561	2185
2562	2185
2563	2185
2564	2185
2565	2185
2566	2185
2567	2185
2568	2185
2569	2185
257	227
2570	2185
2571	2185
2572	2185
2573	2185
2574	2185
2575	2185
2576	2185
2577	4669
2578	2185
2579	2537
258	227
2580	2626
2581	2626
2582	2626
2583	2626
2584	2626
2585	2626
2586	2626
2587	3620
2588	3620
2589	3620
259	4669
2590	2626
2591	3620
2592	2537
2593	2537
2594	2185
2595	2626
2596	2626
2597	4669
2598	2626
2599	2626
26	227
260	227
2600	3620
2601	2626
2602	4669
2603	265
2604	3620
2605	2185
2606	4669
2607	2626
2608	4759
2609	3620
261	227
2610	405
2611	2537
2612	265
2613	2626
2614	405
2615	227
2616	4669
2617	2185
2618	2537
2619	265
262	227
2620	265
2621	5474
2622	265
2623	265
2624	405
2625	2185
2626	3620
2627	265
2628	265
2629	265
263	227
2630	3620
2631	227
2632	2626
2633	2185
2634	265
2635	844
2636	265
2637	2537
2638	2537
2639	265
264	2185
2640	405
2641	2626
2642	2626
2643	3620
2644	405
2645	265
2646	265
2647	2626
2648	265
2649	265
265	227
2650	2537
2651	2537
2652	2626
2653	4669
2654	3620
2655	2626
2656	405
2657	405
2658	2626
2659	3233
266	227
2660	3620
2661	2537
2662	2626
2663	3233
2664	2185
2665	265
2666	2537
2667	265
2668	265
2669	405
267	227
2670	4669
2671	265
2672	2626
2673	2626
2674	3233
2675	265
2676	405
2677	2185
2678	405
2679	844
268	2134
2680	3620
2681	844
2682	2626
2683	844
2684	844
2685	844
2686	2626
2687	4669
2688	2185
2689	4669
269	2134
2690	4669
2691	3620
2692	405
2693	3620
2694	2537
2695	2626
2696	2626
2697	2626
2698	227
2699	3233
27	227
270	227
2700	2537
2701	265
2702	265
2703	2185
2704	2185
2705	2185
2706	2537
2707	2537
2708	227
2709	2626
271	227
2710	2537
2711	2537
2712	2537
2713	2626
2714	2537
2715	4669
2716	2626
2717	227
2718	227
2719	405
272	227
2720	265
2721	265
2722	227
2723	265
2724	844
2725	2537
2726	265
2727	405
2728	2626
2729	265
273	2185
2730	227
2731	265
2732	265
2733	2537
2734	2537
2735	2537
2736	844
2737	2626
2738	2185
2739	2185
274	227
2740	4669
2741	4669
2742	265
2743	4669
2744	4669
2745	3233
2746	2537
2747	4669
2748	3620
2749	2185
275	2185
2750	3620
2751	227
2752	3620
2753	2537
2754	3620
2755	227
2756	2537
2757	4669
2758	2537
2759	265
276	227
2760	227
2761	265
2762	227
2763	2185
2764	227
2765	2537
2766	227
2767	2537
2768	844
2769	2185
277	2185
2770	2626
2771	2537
2772	2537
2773	265
2774	227
2775	227
2776	227
2777	2537
2778	2537
2779	2537
278	2185
2780	227
2781	3620
2782	265
2783	265
2784	265
2785	265
2786	5234
2787	3620
2788	4759
2789	2537
279	2537
2790	4669
2791	265
2792	265
2793	265
2794	265
2795	2537
2796	2537
2797	3620
2798	227
2799	4669
28	227
280	265
2800	4669
2801	227
2802	265
2803	2626
2804	3233
2805	4759
2806	265
2807	4669
2808	265
2809	227
281	2185
2810	265
2811	2537
2812	2537
2813	227
2814	4669
2815	2537
2816	4669
2817	2185
2818	265
2819	844
282	2185
2820	4669
2821	4759
2822	265
2823	227
2824	2537
2825	2537
2826	265
2827	227
2828	2626
2829	227
283	2185
2830	227
2831	2626
2832	227
2833	2537
2834	227
2835	2537
2836	265
2837	227
2838	227
2839	265
284	2626
2840	227
2841	227
2842	2537
2843	227
2844	2537
2845	2537
2846	227
2847	265
2848	227
2849	2537
285	265
2850	844
2851	2537
2852	3859
2853	2537
2854	3859
2855	2537
2856	2185
2857	2185
2858	265
2859	4669
286	265
2860	4669
2861	227
2862	4759
2863	405
2864	4669
2865	265
2866	844
2867	2537
2868	2185
2869	265
287	265
2870	4669
2871	2626
2872	4669
2873	2185
2874	265
2875	2626
2876	4669
2877	2626
2878	3620
2879	3620
288	227
2880	265
2881	265
2882	265
2883	2185
2884	3620
2885	2185
2886	2185
2887	3620
2888	265
2889	265
289	227
2890	844
2891	227
2892	265
2893	265
2894	265
2895	4669
2896	4669
2897	227
2898	3620
2899	2626
29	227
290	2178
2900	2537
2901	2185
2902	844
2903	265
2904	3620
2905	2626
2906	844
2907	227
2908	227
2909	2626
291	2178
2910	227
2911	2185
2912	4669
2913	265
2914	2537
2915	2626
2916	4669
2917	2185
2918	2626
2919	2185
292	2134
2920	3620
2921	844
2922	844
2923	4669
2924	2537
2925	2185
2926	2185
2927	3620
2928	265
2929	265
293	2626
2930	405
2931	405
2932	265
2933	2185
2934	265
2935	265
2936	227
2937	3620
2938	265
2939	2626
294	2134
2940	4669
2941	4669
2942	2185
2943	227
2944	3620
2945	2626
2946	265
2947	265
2948	2626
2949	227
295	227
2950	4669
2951	2626
2952	2185
2953	2185
2954	2537
2955	227
2956	265
2957	2185
2958	2537
2959	2185
296	2178
2960	2626
2961	2185
2962	227
2963	2185
2964	3620
2965	3620
2966	2185
2967	2537
2968	2185
2969	2185
297	2178
2970	2185
2971	2185
2972	227
2973	3620
2974	2626
2975	2626
2976	2185
2977	2185
2978	2185
2979	2185
298	2626
2980	2185
2981	2626
2982	227
2983	2537
2984	2626
2985	265
2986	2626
2987	2626
2988	265
2989	265
299	2626
2990	2185
2991	3233
2992	3233
2993	2626
2994	2185
2995	265
2996	227
2997	265
2998	2185
2999	2537
3	2134
30	227
300	2134
3000	2626
3001	4669
3002	2537
3003	227
3004	2626
3005	2626
3006	265
3007	2537
3008	2626
3009	2537
301	2626
3010	227
3011	2626
3012	2626
3013	2185
3014	844
3015	2297
3016	2185
3017	405
3018	2537
3019	227
302	2626
3020	3620
3021	265
3022	2626
3023	2626
3024	2626
3025	4669
3026	405
3027	4669
3028	4669
3029	265
303	2626
3030	2185
3031	2537
3032	2185
3033	3620
3034	2626
3035	4669
3036	2185
3037	265
3038	265
3039	2537
304	2626
3040	265
3041	2185
3042	265
3043	265
3044	265
3045	2185
3046	2185
3047	3620
3048	4669
3049	2626
305	2134
3050	2185
3051	844
3052	265
3053	227
3054	4669
3055	2185
3056	2185
3057	2537
3058	2537
3059	405
306	227
3060	405
3061	227
3062	2537
3063	405
3064	405
3065	405
3066	2297
3067	265
3068	2626
3069	3658
307	2134
3070	3233
3071	3620
3072	2626
3073	2626
3074	4669
3075	2185
3076	265
3077	265
3078	2537
3079	2185
308	2537
3080	2185
3081	2185
3082	2185
3083	2185
3084	2185
3085	265
3086	2626
3087	2626
3088	4669
3089	3620
309	2134
3090	2134
3091	4669
3092	2185
3093	2185
3094	2626
3095	2185
3096	2185
3097	3620
3098	844
3099	4669
31	227
310	2134
3100	227
3101	2185
3102	2185
3103	2185
3104	5474
3105	2537
3106	2626
3107	265
3108	265
3109	2626
311	2626
3110	2626
3111	2626
3112	4669
3113	2626
3114	2626
3115	227
3116	227
3117	227
3118	2537
3119	3620
312	2134
3120	4669
3121	2537
3122	227
3123	2537
3124	2537
3125	3620
3126	2537
3127	2537
3128	2537
3129	2537
313	3620
3130	2537
3131	2537
3132	2537
3133	405
3134	405
3135	4669
3136	2185
3137	2537
3138	2537
3139	2537
314	4669
3140	2537
3141	2537
3142	2537
3143	2537
3144	2537
3145	2537
3146	3620
3147	4669
3148	265
3149	2537
315	2185
3150	3620
3151	227
3152	2185
3153	227
3154	265
3155	2537
3156	227
3157	4759
3158	2626
3159	4669
316	405
3160	4669
3161	2626
3162	265
3163	2537
3164	227
3165	227
3166	227
3167	4759
3168	265
3169	4669
317	2185
3170	844
3171	2626
3172	2626
3173	2185
3174	2626
3175	4669
3176	4669
3177	2626
3178	227
3179	227
318	2185
3180	227
3181	2537
3182	2537
3183	227
3184	2537
3185	265
3186	2537
3187	2537
3188	265
3189	2185
319	2185
3190	3233
3191	265
3192	2185
3193	4759
3194	4669
3195	3620
3196	2185
3197	405
3198	4669
3199	2626
32	227
320	265
3200	2537
3201	2626
3202	2626
3203	844
3204	3620
3205	265
3206	265
3207	2185
3208	3620
3209	2626
321	2537
3210	2537
3211	2185
3212	2185
3213	227
3214	2185
3215	265
3216	265
3217	2537
3218	2537
3219	2185
322	2537
3220	2185
3221	3620
3222	2626
3223	4669
3224	265
3225	3620
3226	3620
3227	227
3228	3620
3229	2185
323	2537
3230	265
3231	2537
3232	2537
3233	227
3234	405
3235	2626
3236	2626
3237	227
3238	405
3239	265
324	2185
3240	4669
3241	4669
3242	265
3243	265
3244	405
3245	2185
3246	265
3247	265
3248	2537
3249	227
325	2537
3250	2537
3251	2537
3252	265
3253	3620
3254	2297
3255	227
3256	2626
3257	227
3258	4669
3259	265
326	2626
3260	4669
3261	2537
3262	227
3263	227
3264	405
3265	4669
3266	2626
3267	2185
3268	4669
3269	2626
327	2537
3270	2626
3271	2185
3272	227
3273	2185
3274	4669
3275	227
3276	227
3277	227
3278	265
3279	227
328	265
3280	2537
3281	2537
3282	2537
3283	227
3284	2537
3285	227
3286	2537
3287	227
3288	2537
3289	2185
329	2185
3290	844
3291	4759
3292	265
3293	3620
3294	2626
3295	2537
3296	227
3297	2626
3298	2626
3299	405
33	227
330	4669
3300	844
3301	405
3302	405
3303	405
3304	2537
3305	405
3306	405
3307	265
3308	844
3309	2537
331	3620
3310	2626
3311	2626
3312	2185
3313	2185
3314	265
3315	4669
3316	844
3317	265
3318	844
3319	2134
332	4669
3320	2134
3321	2185
3322	2185
3323	2626
3324	2297
3325	2626
3326	844
3327	4669
3328	3620
3329	2185
333	227
3330	844
3331	844
3332	227
3333	2297
3334	2626
3335	4669
3336	265
3337	4669
3338	2185
3339	4669
334	405
3340	2626
3341	265
3342	5474
3343	2626
3344	2626
3345	2537
3346	2626
3347	2626
3348	2626
3349	2626
335	2626
3350	265
3351	265
3352	2537
3353	2626
3354	2626
3355	2185
3356	265
3357	2537
3358	2185
3359	2626
336	405
3360	227
3361	2626
3362	2626
3363	2626
3364	2626
3365	2626
3366	2626
3367	2626
3368	2537
3369	2185
337	265
3370	2185
3371	2185
3372	844
3373	227
3374	227
3375	2537
3376	2626
3377	4669
3378	265
3379	227
338	2185
3380	265
3381	3620
3382	2626
3383	3233
3384	3233
3385	265
3386	2185
3387	265
3388	227
3389	265
339	265
3390	4669
3391	4669
3392	2626
3393	4759
3394	2185
3395	265
3396	4669
3397	4669
3398	4669
3399	4669
34	227
340	2185
3400	4669
3401	2626
3402	2626
3403	2626
3404	227
3405	227
3406	2537
3407	227
3408	2537
3409	265
341	227
3410	2626
3411	265
3412	2537
3413	2537
3414	265
3415	2626
3416	3620
3417	227
3418	227
3419	265
342	265
3420	4669
3421	227
3422	3620
3423	227
3424	227
3425	5474
3426	227
3427	227
3428	3620
3429	3620
343	844
3430	4669
3431	2185
3432	2626
3433	3620
3434	2537
3435	2626
3436	265
3437	2297
3438	265
3439	265
344	4759
3440	405
3441	2185
3442	265
3443	2626
3444	2626
3445	2626
3446	4669
3447	4669
3448	3620
3449	2626
345	265
3450	2626
3451	2626
3452	2626
3453	844
3454	4669
3455	4669
3456	4669
3457	227
3458	2185
3459	2537
346	2185
3460	4669
3461	265
3462	265
3463	265
3464	265
3465	265
3466	3620
3467	3620
3468	265
3469	3620
347	2626
3470	265
3471	265
3472	227
3473	405
3474	4669
3475	4669
3476	2185
3477	4669
3478	227
3479	2185
348	2626
3480	405
3481	5474
3482	2537
3483	2626
3484	227
3485	2626
3486	2537
3487	3620
3488	227
3489	2537
349	2626
3490	2626
3491	227
3492	2185
3493	2626
3494	2537
3495	405
3496	4669
3497	4669
3498	2185
3499	3620
35	227
350	3033
3500	227
3501	844
3502	2537
3503	2626
3504	2626
3505	227
3506	2185
3507	2185
3508	265
3509	2626
351	3033
3510	2626
3511	227
3512	227
3513	2626
3514	227
3515	3620
3516	2185
3517	3233
3518	844
3519	2626
352	227
3520	265
3521	227
3522	265
3523	265
3524	405
3525	265
3526	265
3527	2626
3528	2626
3529	405
353	2626
3530	265
3531	265
3532	2626
3533	4669
3534	3620
3535	2185
3536	2626
3537	4759
3538	265
3539	2185
354	2626
3540	4759
3541	4759
3542	265
3543	4759
3544	265
3545	4669
3546	2185
3547	2626
3548	2626
3549	3620
355	2626
3550	5474
3551	2626
3552	265
3553	2626
3554	265
3555	265
3556	3620
3557	4669
3558	4669
3559	2185
356	2626
3560	2185
3561	3620
3562	265
3563	265
3564	265
3565	2185
3566	2626
3567	4669
3568	4669
3569	227
357	2537
3570	3620
3571	265
3572	227
3573	227
3574	265
3575	4669
3576	4669
3577	265
3578	265
3579	2537
358	2626
3580	227
3581	4669
3582	2185
3583	2626
3584	405
3585	405
3586	3620
3587	2626
3588	2185
3589	227
359	2626
3590	844
3591	4669
3592	4669
3593	4669
3594	2537
3595	405
3596	227
3597	227
3598	227
3599	4759
36	227
360	2626
3600	2185
3601	3620
3602	4669
3603	2626
3604	2626
3605	265
3606	2626
3607	2626
3608	2626
3609	2626
361	2626
3610	4669
3611	2185
3612	2185
3613	4669
3614	2537
3615	2626
3616	227
3617	2185
3618	227
3619	2537
362	227
3620	265
3621	2537
3622	2537
3623	2626
3624	227
3625	2537
3626	265
3627	227
3628	265
3629	844
363	2537
3630	405
3631	227
3632	3620
3633	227
3634	227
3635	2185
3636	265
3637	265
3638	4759
3639	2626
364	265
3640	3620
3641	265
3642	844
3643	2626
3644	2185
3645	2185
3646	2185
3647	2626
3648	3620
3649	4669
365	265
3650	227
3651	2185
3652	844
3653	4669
3654	2537
3655	227
3656	227
3657	227
3658	2626
3659	2626
366	2185
3660	2626
3661	2626
3662	2626
3663	2626
3664	2626
3665	2185
3666	2626
3667	265
3668	265
3669	2626
367	405
3670	227
3671	2185
3672	2626
3673	2537
3674	2185
3675	2297
3676	2537
3677	2537
3678	3620
3679	2185
368	5474
3680	3620
3681	2626
3682	2185
3683	2537
3684	2537
3685	2185
3686	227
3687	265
3688	4669
3689	2537
369	2626
3690	2537
3691	2185
3692	4669
3693	2537
3694	4669
3695	2537
3696	2185
3697	265
3698	227
3699	2626
37	227
370	265
3700	2626
3701	2626
3702	2626
3703	405
3704	405
3705	265
3706	405
3707	405
3708	405
3709	265
371	4669
3710	265
3711	2537
3712	3620
3713	2626
3714	3620
3715	2626
3716	2626
3717	2626
3718	2537
3719	2537
372	265
3720	2626
3721	4759
3722	844
3723	2626
3724	2185
3725	4669
3726	2626
3727	405
3728	3620
3729	3033
373	227
3730	3033
3731	2626
3732	844
3733	4669
3734	2626
3735	2626
3736	3620
3737	227
3738	2537
3739	2537
374	265
3740	265
3741	4669
3742	265
3743	4669
3744	265
3745	3620
3746	2626
3747	2537
3748	2537
3749	2185
375	265
3750	2185
3751	4669
3752	2185
3753	2626
3754	227
3755	2537
3756	4669
3757	2626
3758	405
3759	3620
376	2185
3760	3658
3761	2626
3762	3233
3763	3658
3764	2537
3765	4759
3766	405
3767	405
3768	265
3769	2626
377	227
3770	2626
3771	2626
3772	844
3773	265
3774	3620
3775	3620
3776	4759
3777	2537
3778	2537
3779	2537
378	3620
3780	2537
3781	405
3782	405
3783	265
3784	3620
3785	2626
3786	227
3787	4759
3788	2626
3789	2626
379	3620
3790	2626
3791	265
3792	2626
3793	2537
3794	3620
3795	265
3796	2185
3797	4669
3798	2626
3799	3620
38	227
380	3620
3800	2626
3801	3620
3802	2537
3803	2626
3804	227
3805	3620
3806	4669
3807	4669
3808	2185
3809	2537
381	2185
3810	3620
3811	3620
3812	2626
3813	2537
3814	2626
3815	265
3816	2626
3817	2626
3818	4669
3819	3620
382	3620
3820	2185
3821	265
3822	227
3823	265
3824	265
3825	5474
3826	2537
3827	2185
3828	4669
3829	3620
383	3620
3830	3620
3831	2185
3832	265
3833	3620
3834	2537
3835	2626
3836	2185
3837	227
3838	2185
3839	2185
384	3620
3840	2185
3841	2626
3842	4669
3843	2185
3844	2626
3845	4669
3846	2185
3847	3620
3848	2626
3849	4669
385	3620
3850	2537
3851	4669
3852	227
3853	2537
3854	3620
3855	2626
3856	2626
3857	4669
3858	405
3859	844
386	2185
3860	265
3861	405
3862	265
3863	3620
3864	227
3865	2626
3866	265
3867	4669
3868	844
3869	227
387	2185
3870	227
3871	4669
3872	265
3873	265
3874	2185
3875	3620
3876	2626
3877	2537
3878	2626
3879	227
388	3620
3880	2626
3881	2185
3882	2537
3883	265
3884	2626
3885	3620
3886	2185
3887	2626
3888	3620
3889	2537
389	2185
3890	3620
3891	2537
3892	265
3893	4669
3894	265
3895	405
3896	3620
3897	405
3898	265
3899	2626
39	227
390	3033
3900	2626
3901	2626
3902	405
3903	3620
3904	405
3905	2626
3906	265
3907	2185
3908	265
3909	3233
391	2185
3910	5474
3911	2185
3912	265
3913	4759
3914	2537
3915	4759
3916	4669
3917	4669
3918	227
3919	227
392	265
3920	2185
3921	2626
3922	227
3923	2626
3924	2626
3925	2626
3926	265
3927	2626
3928	2626
3929	227
393	844
3930	2537
3931	4669
3932	2185
3933	844
3934	265
3935	265
3936	227
3937	3233
3938	2185
3939	2626
394	3233
3940	4759
3941	2626
3942	2626
3943	2626
3944	2626
3945	2626
3946	2626
3947	844
3948	2626
3949	2626
395	265
3950	2626
3951	844
3952	2626
3953	844
3954	2626
3955	844
3956	4759
3957	2537
3958	4759
3959	2537
396	2626
3960	3620
3961	4669
3962	405
3963	405
3964	3620
3965	2626
3966	405
3967	227
3968	2626
3969	3620
397	227
3970	2537
3971	3620
3972	3620
3973	265
3974	2537
3975	2185
3976	3620
3977	2537
3978	3620
3979	405
398	2185
3980	2626
3981	2626
3982	2626
3983	265
3984	2626
3985	2626
3986	2626
3987	2626
3988	3620
3989	2626
399	4669
3990	2626
3991	265
3992	405
3993	3620
3994	4669
3995	227
3996	2626
3997	3620
3998	3620
3999	2626
4	405
40	227
400	4669
4000	3620
4001	2626
4002	2626
4003	2626
4004	2537
4005	2626
4006	3233
4007	265
4008	227
4009	4669
401	227
4010	2626
4011	2297
4012	227
4013	4669
4014	3620
4015	405
4016	2626
4017	4669
4018	4669
4019	2626
402	227
4020	4669
4021	4669
4022	265
4023	265
4024	265
4025	265
4026	265
4027	265
4028	2537
4029	2626
403	227
4030	3620
4031	2626
4032	2626
4033	405
4034	405
4035	2626
4036	405
4037	2626
4038	4669
4039	2626
404	3233
4040	227
4041	2537
4042	2537
4043	4669
4044	4669
4045	4669
4046	4669
4047	227
4048	2537
4049	265
405	2185
4050	265
4051	2626
4052	227
4053	3620
4054	2185
4055	405
4056	265
4057	265
4058	265
4059	2537
406	265
4060	265
4061	2626
4062	265
4063	2626
4064	2537
4065	2626
4066	2537
4067	2537
4068	227
4069	2626
407	265
4070	2626
4071	265
4072	265
4073	265
4074	265
4075	2185
4076	265
4077	265
4078	3620
4079	405
408	227
4080	2626
4081	2537
4082	844
4083	265
4084	265
4085	265
4086	844
4087	2537
4088	2537
4089	2626
409	265
4090	2185
4091	2185
4092	2185
4093	2537
4094	2185
4095	2185
4096	227
4097	2626
4098	4669
4099	2626
41	227
410	2185
4100	2626
4101	2626
4102	2626
4103	2626
4104	265
4105	3620
4106	2537
4107	265
4108	265
4109	405
411	2185
4110	4669
4111	2185
4112	2626
4113	3620
4114	3620
4115	2626
4116	2537
4117	2537
4118	2537
4119	2537
412	3620
4120	2537
4121	227
4122	2185
4123	2537
4124	2537
4125	2537
4126	405
4127	2537
4128	265
4129	4669
413	2537
4130	4669
4131	2626
4132	2297
4133	405
4134	2297
4135	2297
4136	405
4137	227
4138	2626
4139	4669
414	405
4140	2626
4141	2626
4142	265
4143	2626
4144	2626
4145	2626
4146	3620
4147	2626
4148	2626
4149	2537
415	4669
4150	3620
4151	265
4152	3620
4153	265
4154	2537
4155	265
4156	2185
4157	3620
4158	2626
4159	2626
416	3620
4160	3620
4161	265
4162	2626
4163	2537
4164	2185
4165	3620
4166	265
4167	227
4168	405
4169	2626
417	2626
4170	265
4171	405
4172	405
4173	2185
4174	265
4175	265
4176	265
4177	405
4178	405
4179	844
418	844
4180	844
4181	844
4182	844
4183	844
4184	2626
4185	2537
4186	2185
4187	2185
4188	265
4189	2185
419	227
4190	3620
4191	3620
4192	265
4193	265
4194	227
4195	2626
4196	405
4197	2537
4198	844
4199	2537
42	227
420	3620
4200	227
4201	2626
4202	2626
4203	2626
4204	2626
4205	4759
4206	4669
4207	265
4208	227
4209	844
421	4669
4210	2185
4211	227
4212	2626
4213	4759
4214	265
4215	265
4216	2185
4217	2537
4218	2297
4219	227
422	3620
4220	4669
4221	265
4222	3620
4223	405
4224	3620
4225	2185
4226	2626
4227	405
4228	2537
4229	4759
423	4669
4230	4759
4231	2626
4232	2537
4233	3620
4234	2626
4235	2626
4236	4669
4237	3620
4238	2185
4239	844
424	2626
4240	3620
4241	3620
4242	227
4243	3620
4244	227
4245	2537
4246	4759
4247	2297
4248	265
4249	2537
425	265
4250	4669
4251	265
4252	4759
4253	405
4254	2626
4255	265
4256	844
4257	3620
4258	265
4259	2537
426	2626
4260	4669
4261	2185
4262	4759
4263	227
4264	227
4265	2537
4266	2626
4267	2626
4268	2626
4269	265
427	2626
4270	265
4271	4669
4272	2626
4273	4669
4274	227
4275	2626
4276	2626
4277	2626
4278	4759
4279	2626
428	4669
4280	2537
4281	2537
4282	844
4283	2185
4284	2537
4285	2537
4286	2537
4287	2537
4288	227
4289	4669
429	227
4290	2537
4291	3658
4292	4759
4293	4759
4294	405
4295	2185
4296	3620
4297	265
4298	3620
4299	2185
43	227
430	227
4300	2626
4301	2626
4302	2537
4303	2537
4304	2185
4305	2537
4306	2537
4307	227
4308	227
4309	2537
431	227
4310	2537
4311	2626
4312	227
4313	2537
4314	844
4315	265
4316	2537
4317	4759
4318	227
4319	2537
432	4669
4320	265
4321	2626
4322	2626
4323	2537
4324	3620
4325	4669
4326	3620
4327	2626
4328	4669
4329	4669
433	265
4330	2626
4331	2537
4332	227
4333	227
4334	2537
4335	2537
4336	4669
4337	4669
4338	4669
4339	4669
434	227
4340	4669
4341	2626
4342	227
4343	4669
4344	4759
4345	4669
4346	4669
4347	4669
4348	4669
4349	2537
435	227
4350	4669
4351	227
4352	2626
4353	3620
4354	227
4355	2626
4356	3620
4357	265
4358	405
4359	4669
436	2537
4360	2537
4361	2626
4362	2537
4363	2537
4364	2537
4365	2537
4366	2537
4367	2537
4368	2537
4369	227
437	2626
4370	2537
4371	2537
4372	3233
4373	2626
4374	2626
4375	2626
4376	405
4377	2537
4378	2537
4379	2537
438	405
4380	2537
4381	3859
4382	4669
4383	265
4384	2537
4385	4669
4386	4669
4387	4669
4388	4669
4389	2626
439	405
4390	227
4391	2626
4392	2185
4393	2185
4394	4669
4395	2537
4396	2537
4397	2626
4398	5474
4399	2626
44	227
440	2185
4400	2626
4401	2185
4402	4669
4403	2537
4404	2185
4405	4669
4406	2185
4407	227
4408	2185
4409	4669
441	2185
4410	2185
4411	2626
4412	2185
4413	2537
4414	2185
4415	2626
4416	3620
4417	227
4418	4669
4419	2626
442	2185
4420	2185
4421	2297
4422	265
4423	2537
4424	2626
4425	2626
4426	227
4427	2537
4428	2626
4429	227
443	2626
4430	3620
4431	227
4432	4669
4433	265
4434	2626
4435	2185
4436	265
4437	2537
4438	4669
4439	265
444	405
4440	2626
4441	2537
4442	265
4443	2626
4444	227
4445	2626
4446	227
4447	2185
4448	2185
4449	3620
445	2537
4450	3620
4451	3620
4452	3620
4453	4759
4454	2185
4455	2185
4456	2185
4457	265
4458	2626
4459	2626
446	227
4460	3620
4461	227
4462	227
4463	265
4464	844
4465	2134
4466	265
4467	227
4468	5474
4469	2537
447	2185
4470	2537
4471	227
4472	3859
4473	2537
4474	2537
4475	2537
4476	2537
4477	227
4478	4669
4479	265
448	2626
4480	2185
4481	2626
4482	265
4483	2626
4484	2626
4485	2537
4486	2626
4487	2626
4488	2626
4489	2537
449	2626
4490	2185
4491	227
4492	2626
4493	227
4494	2626
4495	2537
4496	2185
4497	2185
4498	4669
4499	844
45	227
450	2626
4500	2626
4501	2626
4502	2626
4503	227
4504	2626
4505	2626
4506	2626
4507	2537
4508	2185
4509	265
451	2626
4510	227
4511	2185
4512	2626
4513	405
4514	2626
4515	4669
4516	4669
4517	3233
4518	265
4519	265
452	265
4520	2626
4521	2185
4522	405
4523	405
4524	2537
4525	2537
4526	2537
4527	2185
4528	227
4529	2626
453	3859
4530	2185
4531	265
4532	265
4533	3620
4534	227
4535	2537
4536	265
4537	3620
4538	2185
4539	227
454	265
4540	2537
4541	2537
4542	2626
4543	265
4544	265
4545	265
4546	2626
4547	265
4548	5474
4549	2537
455	2626
4550	2537
4551	3620
4552	227
4553	3620
4554	2185
4555	3620
4556	4669
4557	265
4558	4669
4559	2626
456	3620
4560	4669
4561	4669
4562	2185
4563	265
4564	265
4565	265
4566	227
4567	2626
4568	2626
4569	265
457	2537
4570	3620
4571	2626
4572	2185
4573	4669
4574	227
4575	227
4576	227
4577	265
4578	2626
4579	4669
458	3620
4580	227
4581	3859
4582	265
4583	2537
4584	4669
4585	2537
4586	3620
4587	2185
4588	4669
4589	4669
459	2626
4590	2626
4591	4669
4592	4669
4593	2626
4594	4669
4595	2626
4596	227
4597	265
4598	265
4599	227
46	227
460	265
4600	2626
4601	4669
4602	2537
4603	3620
4604	2626
4605	3620
4606	265
4607	265
4608	265
4609	2537
461	4669
4610	265
4611	265
4612	265
4613	2626
4614	2626
4615	2626
4616	2626
4617	2626
4618	2626
4619	2626
462	2626
4620	2626
4621	2626
4622	2626
4623	265
4624	2626
4625	2626
4626	2626
4627	227
4628	2626
4629	2626
463	2185
4630	2626
4631	2626
4632	2626
4633	2185
4634	2626
4635	2626
4636	2626
4637	2185
4638	265
4639	3620
464	265
4640	227
4641	227
4642	2185
4643	2626
4644	2185
4645	844
4646	2626
4647	5474
4648	2185
4649	5474
465	844
4650	2185
4651	2185
4652	2537
4653	265
4654	2185
4655	3620
4656	3620
4657	227
4658	2185
4659	4669
466	3620
4660	265
4661	4669
4662	4669
4663	2626
4664	2626
4665	2626
4666	227
4667	227
4668	227
4669	227
467	2537
4670	227
4671	227
4672	227
4673	227
4674	227
4675	2626
4676	4669
4677	2537
4678	2185
4679	2185
468	2626
4680	4669
4681	2185
4682	3620
4683	265
4684	2537
4685	227
4686	844
4687	2626
4688	3233
4689	844
469	2626
4690	3620
4691	405
4692	2626
4693	405
4694	2185
4695	3620
4696	227
4697	3620
4698	227
4699	2537
47	227
470	2626
4700	265
4701	3620
4702	2626
4703	2537
4704	227
4705	227
4706	227
4707	3233
4708	405
4709	405
471	2626
4710	265
4711	227
4712	2185
4713	227
4714	227
4715	3620
4716	265
4717	2537
4718	265
4719	2297
472	2185
4720	844
4721	2185
4722	2537
4723	2626
4724	265
4725	227
4726	265
4727	2626
4728	3620
4729	227
473	3620
4730	227
4731	844
4732	2297
4733	3033
4734	2537
4735	2626
4736	2626
4737	227
4738	3620
4739	2626
474	2185
4740	227
4741	844
4742	3620
4743	2537
4744	2537
4745	227
4746	227
4747	227
4748	3620
4749	2537
475	2185
4750	3620
4751	227
4752	4759
4753	2537
4754	3620
4755	227
4756	4669
4757	265
4758	265
4759	265
476	3620
4760	265
4761	2537
4762	227
4763	2537
4764	227
4765	2537
4766	265
4767	2537
4768	844
4769	2626
477	2185
4770	2626
4771	3620
4772	2297
4773	2297
4774	2537
4775	4669
4776	3620
4777	3620
4778	227
4779	2185
478	227
4780	405
4781	405
4782	2185
4783	2185
4784	2185
4785	2626
4786	2185
4787	405
4788	2185
4789	265
479	227
4790	2626
4791	2185
4792	2626
4793	227
4794	265
4795	227
4796	4669
4797	2626
4798	2626
4799	2626
48	227
480	227
4800	2185
4801	2185
4802	265
4803	3620
4804	2626
4805	4669
4806	265
4807	3620
4808	2626
4809	2626
481	227
4810	2626
4811	227
4812	227
4813	265
4814	265
4815	2185
4816	4669
4817	2626
4818	3620
4819	227
482	4759
4820	4669
4821	227
4822	227
4823	2626
4824	265
4825	265
4826	227
4827	2626
4828	2185
4829	2626
483	227
4830	2185
4831	3620
4832	227
4833	2626
4834	2537
4835	3620
4836	3620
4837	3620
4838	2537
4839	3620
484	2185
4840	4669
4841	2185
4842	4669
4843	4669
4844	3620
4845	3620
4846	4669
4847	4669
4848	4669
4849	5474
485	2626
4850	227
4851	5474
4852	405
4853	4759
4854	4759
4855	2185
4856	405
4857	4669
4858	265
4859	265
486	2626
4860	265
4861	2185
4862	265
4863	265
4864	265
4865	2626
4866	2185
4867	265
4868	265
4869	265
487	265
4870	405
4871	4669
4872	2626
4873	2626
4874	2185
4875	265
4876	265
4877	2537
4878	2626
4879	4669
488	2185
4880	3620
4881	265
4882	2537
4883	3620
4884	265
4885	405
4886	405
4887	227
4888	265
4889	265
489	2626
4890	2626
4891	265
4892	265
4893	4669
4894	265
4895	227
4896	227
4897	2626
4898	227
4899	2626
49	227
490	2626
4900	2626
4901	2626
4902	2626
4903	265
4904	2537
4905	227
4906	227
4907	227
4908	265
4909	2626
491	3620
4910	265
4911	2537
4912	3620
4913	3620
4914	265
4915	2537
4916	405
4917	2626
4918	405
4919	3658
492	3620
4920	265
4921	4669
4922	265
4923	265
4924	2626
4925	4759
4926	227
4927	4669
4928	3620
4929	2537
493	2185
4930	5474
4931	265
4932	2537
4933	2537
4934	2185
4935	227
4936	227
4937	2537
4938	227
4939	227
494	2537
4940	2537
4941	265
4942	227
4943	265
4944	227
4945	227
4946	3620
4947	227
4948	2537
4949	4669
495	4669
4950	2537
4951	405
4952	227
4953	265
4954	4759
4955	227
4956	2537
4957	4759
4958	3033
4959	2185
496	227
4960	227
4961	2537
4962	2537
4963	227
4964	4669
4965	2537
4966	2537
4967	4669
4968	2537
4969	227
497	2626
4970	265
4971	4669
4972	227
4973	2537
4974	227
4975	227
4976	227
4977	227
4978	2537
4979	4759
498	2185
4980	4759
4981	2537
4982	227
4983	227
4984	3620
4985	2537
4986	405
4987	844
4988	2537
4989	4759
499	2626
4990	4759
4991	2537
4992	2537
4993	2537
4994	227
4995	4759
4996	3620
4997	844
4998	2626
4999	227
5	2134
50	227
500	2626
5000	3620
5001	2185
5002	2537
5003	227
5004	227
5005	2537
5006	227
5007	2537
5008	2537
5009	227
501	265
5010	227
5011	2185
5012	2537
5013	2185
5014	2537
5015	4669
5016	4759
5017	2626
5018	844
5019	4669
502	405
5020	265
5021	2537
5022	2537
5023	227
5024	2537
5025	265
5026	227
5027	265
5028	2537
5029	265
503	265
5030	3620
5031	3620
5032	2626
5033	265
5034	265
5035	265
5036	2626
5037	3620
5038	265
5039	2626
504	265
5040	227
5041	265
5042	265
5043	265
5044	2626
5045	265
5046	3620
5047	227
5048	265
5049	3620
505	3620
5050	227
5051	2185
5052	844
5053	227
5054	2185
5055	227
5056	2537
5057	4759
5058	227
5059	2626
506	3620
5060	2626
5061	4759
5062	4669
5063	4669
5064	227
5065	2626
5066	3620
5067	3620
5068	2626
5069	2626
507	265
5070	2626
5071	2185
5072	2185
5073	227
5074	227
5075	2626
5076	227
5077	4669
5078	2537
5079	4759
508	265
5080	2185
5081	2537
5082	2626
5083	2626
5084	2537
5085	405
5086	265
5087	227
5088	227
5089	227
509	3620
5090	3620
5091	405
5092	2537
5093	4669
5094	2626
5095	2185
5096	2537
5097	2537
5098	265
5099	227
51	227
510	265
5100	3620
5101	2537
5102	2626
5103	2626
5104	265
5105	4669
5106	2537
5107	265
5108	2537
5109	4669
511	265
5110	4669
5111	2626
5112	2626
5113	2626
5114	4669
5115	3620
5116	227
5117	4669
5118	4669
5119	3620
512	2537
5120	2626
5121	2626
5122	4669
5123	405
5124	3620
5125	4669
5126	265
5127	3620
5128	3620
5129	405
513	2185
5130	405
5131	265
5132	2185
5133	2626
5134	2537
5135	265
5136	265
5137	2185
5138	265
514	2626
5140	3033
5141	4759
5142	3620
5143	227
5144	2185
5145	227
5146	265
5147	2185
5148	2185
5149	2185
515	4669
5150	2185
5151	2185
5152	3620
5153	4759
5154	4669
5155	2537
5156	3620
5157	2185
5158	2185
5159	4759
516	227
5160	2626
5161	3620
5162	3620
5163	2626
5164	2185
5165	2185
5166	227
5167	4669
5168	3620
5169	4669
517	5474
5170	265
5171	2185
5172	2626
5173	2626
5174	3620
5175	2185
5176	227
5177	2626
5178	265
5179	265
518	227
5180	3620
5181	2537
5182	3233
5183	4669
5184	2537
5185	2185
5186	4669
5187	4759
5188	844
5189	265
519	227
5190	2626
5191	3620
5192	227
5193	3620
5194	265
5195	227
5196	2185
5197	4669
5198	2537
5199	2185
52	227
520	227
5200	2185
5201	2537
5202	2185
5203	2185
5204	2185
5205	227
5206	227
5207	227
5208	2185
5209	227
521	4669
5210	227
5211	227
5212	227
5213	2185
5214	265
5215	844
5216	2537
5217	265
5218	2537
5219	2537
522	2626
5220	2537
5221	2537
5222	2537
5223	3658
5224	2626
5225	2626
5226	2626
5227	2626
5228	2626
5229	2626
523	227
5230	2626
5231	2626
5232	2626
5233	265
5234	2626
5235	2185
5236	227
5237	227
5238	227
5239	265
524	227
5240	4669
5241	265
5242	2626
5243	2626
5244	265
5245	2626
5246	2185
5247	3620
5248	265
5249	2626
525	227
5250	4669
5251	2626
5252	2185
5253	2185
5254	265
5255	2297
5256	2185
5257	4669
5258	405
5259	405
526	2626
5260	405
5261	2626
5262	2626
5263	3620
5264	844
5265	2185
5266	405
5267	2626
5268	3620
5269	3620
527	2626
5270	2626
5271	227
5272	2185
5273	2537
5274	2537
5275	227
5276	4669
5277	265
5278	227
5279	2537
528	2185
5280	265
5281	4669
5282	4669
5283	4759
5284	4759
5285	265
5286	265
5287	227
5288	4669
5289	2626
529	3620
5290	265
5291	265
5292	2626
5293	2626
5294	2626
5295	2626
5296	2626
5297	4669
5298	2537
5299	4669
53	227
530	265
5300	4669
5301	4669
5302	2626
5303	2626
5304	3620
5305	4669
5306	4669
5307	4669
5308	265
5309	844
531	265
5310	405
5311	265
5312	265
5313	265
5314	4669
5315	3620
5316	3620
5317	265
5318	2537
5319	227
532	405
5320	3859
5321	2626
5322	3620
5323	227
5324	2185
5325	227
5326	227
5327	3620
5328	227
5329	2537
533	2537
5330	227
5331	227
5332	4669
5333	265
5334	265
5335	2185
5336	2185
5337	2185
5338	4669
5339	2185
534	2537
5340	227
5341	4669
5342	4669
5343	4669
5344	4669
5345	2537
5346	2626
5347	227
5348	3620
5349	2626
535	2537
5350	2626
5351	227
5352	2626
5353	265
5354	2626
5355	2626
5356	2626
5357	4669
5358	2626
5359	265
536	2185
5360	227
5361	2626
5362	2537
5363	844
5364	844
5365	227
5366	4669
5367	4669
5368	3620
5369	2626
537	2185
5370	2626
5371	227
5372	2626
5373	265
5374	4669
5375	2626
5376	2185
5377	2537
5378	2537
5379	227
538	3620
5380	2537
5381	2185
5382	4669
5383	4669
5384	4669
5385	2185
5386	4669
5387	5474
5388	2537
5389	2537
539	844
5390	2537
5391	227
5392	2537
5393	3620
5394	3620
5395	3620
5396	227
5397	2626
5398	265
5399	227
54	227
540	844
5400	3620
5401	2626
5402	2537
5403	2626
5404	227
5405	2185
5406	3620
5407	3620
5408	3620
5409	227
541	4669
5410	3233
5411	227
5412	265
5413	265
5415	265
5416	3620
5417	3620
5418	3620
5419	2537
542	3620
5420	227
5421	2537
5422	2537
5423	844
5424	227
5425	2537
5426	227
5427	2537
5428	227
5429	2537
543	265
5430	2537
5431	2537
5432	2537
5433	227
5434	2537
5435	227
5436	2537
5437	227
5438	4669
5439	844
544	227
5440	2537
5441	2626
5442	2185
5443	2626
5444	3233
5445	3233
5446	3233
5447	2537
5448	2626
5449	2537
545	227
5450	227
5451	2626
5452	4669
5453	4669
5454	227
5455	2626
5456	4759
5457	3620
5458	265
5459	2626
546	3620
5460	2626
5461	3620
5462	3620
5463	3620
5464	227
5465	2626
5466	265
5467	2537
5468	844
5469	265
547	4669
5470	4669
5471	2626
5472	2185
5473	265
5474	2185
5475	2185
5476	4669
5477	4669
5478	4669
5479	3233
548	2537
5480	3620
5481	2626
5482	3620
5483	4669
5484	227
5485	265
5486	4669
5487	265
5488	2626
5489	3658
549	4669
5490	3658
5491	3658
5492	265
5493	4669
5494	3620
5495	2185
5496	265
5497	4669
5498	2626
5499	227
55	227
550	2537
5500	3620
5501	265
5502	227
5503	2185
5504	3620
5505	4669
5506	2537
5507	265
5508	227
5509	265
551	227
5510	2185
5511	2537
5512	2537
5513	2537
5514	265
5515	2537
5516	5474
5517	2626
5518	2626
5519	4669
552	227
5520	227
5521	4669
5522	227
5523	2185
5524	2185
5525	2185
5526	4669
5527	3620
5528	3620
5529	3033
553	265
5530	265
5531	265
5532	2185
5533	2626
5534	2626
5535	4669
5536	2626
5537	2626
5538	265
5539	2185
554	4669
555	2537
556	2185
557	3620
558	3620
559	4669
56	227
560	3620
561	3620
562	3620
563	4669
564	265
565	3620
566	2626
567	2626
568	2185
569	2626
57	227
570	2626
571	3620
572	2626
573	4759
574	4669
575	4759
576	4669
577	265
578	3620
579	3620
58	227
580	3620
581	265
582	227
583	227
584	3033
585	2537
586	2626
587	2626
588	3233
589	405
59	227
590	265
591	3620
592	2185
593	2185
594	405
595	2185
596	2185
597	2537
598	265
599	227
6	2134
60	227
600	265
601	265
602	3620
603	2537
604	4669
605	405
606	265
607	2626
608	3233
609	3620
61	227
610	3620
611	2537
612	2626
613	3620
614	2185
615	3620
616	265
617	2185
618	2626
619	2626
62	2134
620	2626
621	265
622	405
623	2297
624	3620
625	4669
626	227
627	227
628	2626
629	2537
63	227
630	3620
631	265
632	2537
633	4759
634	2537
635	4669
636	265
637	2185
638	2626
639	405
64	227
640	2626
641	3620
642	2626
643	2626
644	2626
645	2537
646	405
647	265
648	2626
649	4669
65	227
650	2626
651	2626
652	265
653	2626
654	844
655	2185
656	227
657	2537
658	265
659	3033
66	227
660	4669
661	2626
662	4669
663	227
664	3620
665	2185
666	3620
667	2185
668	265
669	844
67	227
670	2626
671	2626
672	2626
673	2626
674	4759
675	2537
676	227
677	4669
678	2626
679	4669
68	227
680	2626
681	2185
682	227
683	4669
684	265
685	4669
686	227
687	3620
688	5474
689	3620
69	227
690	227
691	5474
692	4669
693	4669
694	2537
695	2626
696	2537
697	265
698	4669
699	2537
7	2134
70	227
700	2626
701	227
702	2626
703	2626
704	2626
705	2626
706	2626
707	2626
708	2537
709	4669
71	227
710	405
711	2626
712	4669
713	3620
714	4669
715	2185
716	3620
717	265
718	265
719	265
72	227
720	2626
721	265
723	2537
724	2185
725	265
726	2185
727	5234
728	4669
729	3620
73	227
730	2626
731	4759
732	4669
733	2185
734	2185
735	265
736	265
737	2185
738	4759
739	2185
74	227
740	265
741	2185
742	265
743	265
744	2537
745	2537
746	2185
747	2185
748	227
749	2185
75	227
750	3620
751	3620
752	4669
753	2537
754	2626
755	2626
756	3620
757	3620
758	4669
759	3620
76	227
760	265
761	2626
762	227
763	4669
764	405
765	227
766	2626
767	4669
768	4669
769	4669
77	227
770	3620
771	2185
772	227
773	4759
774	3620
775	2537
776	2626
777	3620
778	227
779	2537
78	227
780	4669
781	4669
782	4669
783	4669
784	4669
785	4669
786	227
787	4669
788	2537
789	2537
79	227
790	265
791	227
792	265
793	227
794	4669
795	4669
796	4669
797	4669
798	4669
799	227
8	2134
80	227
800	227
801	227
802	4669
803	4669
804	2537
805	4669
806	4669
807	227
808	2185
809	405
81	227
810	2185
811	2537
812	2537
813	2626
814	2626
815	3620
816	3620
817	3620
818	3620
819	2537
82	227
820	2626
821	2537
822	2185
823	3620
824	4669
825	2626
826	2626
827	3620
828	265
829	265
83	227
830	265
831	2185
832	4669
833	2537
834	4669
835	4669
836	2185
837	2537
838	265
839	265
84	227
840	227
841	2185
842	4669
843	4759
844	2537
845	227
846	227
847	2537
848	2185
849	2537
85	227
850	2537
851	2626
852	2185
853	2185
854	4669
855	2626
856	2626
857	4669
858	4669
859	2185
86	227
860	227
861	4669
862	405
863	265
864	2626
865	405
866	2185
867	4669
868	227
869	265
87	227
870	265
871	4669
872	227
873	844
874	2185
875	227
876	3233
877	227
878	405
879	2626
88	227
880	2626
881	405
882	2297
883	2626
884	2626
885	3620
886	2626
887	265
888	2626
889	3620
89	227
890	2626
891	2626
892	2626
893	3620
894	3620
895	3620
896	2537
897	265
898	2626
899	3620
9	2626
90	227
900	2185
901	227
902	3620
903	3233
904	3620
905	3620
906	4669
907	3620
908	844
909	265
91	227
910	3620
911	265
912	2537
913	2185
914	3620
915	4669
916	227
917	3620
918	3620
919	2185
92	227
920	3620
921	405
922	2626
923	2626
924	4669
925	2185
926	265
927	265
928	2626
929	2626
93	227
930	2626
931	3620
932	227
933	3620
934	3620
935	3233
936	3620
937	2185
938	265
939	265
94	227
940	3620
941	227
942	227
943	5474
944	2626
945	227
946	227
947	4669
948	2537
949	2185
95	227
950	2537
951	2626
952	2626
953	2185
954	4669
955	3620
956	2185
957	3620
958	3620
959	3620
96	227
960	265
961	2537
962	2537
963	405
964	2626
965	227
966	4669
967	4759
968	2626
969	4669
97	227
970	227
971	3620
972	2626
973	2185
974	3620
975	2537
976	227
977	265
978	2626
979	2537
98	227
980	4669
981	2537
982	4669
983	4669
984	3620
985	4759
986	227
987	265
988	265
989	2626
99	227
990	4759
991	227
992	2626
993	2185
994	4759
995	4669
996	2185
997	2626
998	227
999	4669
