0	2659
1	3422
10	930
100	3422
1000	3422
1001	930
1002	3422
1003	3422
1004	3422
1005	3422
1006	930
1007	930
1008	3422
1009	930
101	3422
1010	3422
1011	930
1012	4851
1013	3422
1014	3422
1015	930
1016	4851
1017	930
1018	3422
1019	930
102	3422
1020	4851
1021	930
1022	2659
1023	4851
1024	3422
1025	3422
1026	930
1027	3422
1028	930
1029	930
103	3422
1030	930
1031	930
1032	3422
1033	930
1034	930
1035	930
1036	4851
1037	4851
1038	930
1039	930
104	3422
1040	930
1041	4851
1042	4851
1043	930
1044	4851
1045	930
1046	4851
1047	930
1048	3422
1049	930
105	3422
1050	3422
1051	3422
1052	2659
1053	3422
1054	2659
1055	4851
1056	4851
1057	3422
1058	4851
1059	2659
106	3422
1060	4851
1061	4851
1062	4851
1063	930
1064	930
1065	4851
1066	4851
1067	4851
1068	4851
1069	2659
107	3422
1070	2659
1071	2659
1072	3422
1073	3422
1074	3422
1075	4851
1076	930
1077	4851
1078	3422
1079	3422
108	3422
1080	4851
1081	930
1082	4851
1083	4851
1084	3422
1085	3422
1086	930
1087	930
1088	3422
1089	4851
109	3422
1090	3422
1091	3422
1092	3422
1093	930
1094	3422
1095	4851
1096	4851
1097	3422
1098	3422
1099	3422
11	3422
110	3422
1100	4851
1101	3422
1102	930
1103	4851
1104	4851
1105	930
1106	930
1107	930
1108	930
1109	930
111	3422
1110	930
1111	3422
1112	930
1113	3422
1114	930
1115	4851
1116	4851
1117	4851
1118	4851
1119	4851
112	3422
1120	4851
1121	4851
1122	4851
1123	930
1124	3422
1125	2659
1126	930
1127	930
1128	2659
1129	930
113	3422
1130	930
1131	4851
1132	4851
1133	3422
1134	4851
1135	930
1136	3422
1137	4851
1138	4851
1139	2659
114	3422
1140	930
1141	4851
1142	3422
1143	930
1144	4851
1145	4851
1146	3422
1147	4851
1148	4851
1149	4851
115	3422
1150	4851
1151	930
1152	930
1153	3422
1154	930
1155	4851
1156	930
1157	4851
1158	2659
1159	4851
116	3422
1160	930
1161	930
1162	3422
1163	3422
1164	930
1165	4851
1166	3422
1167	4851
1168	3422
1169	3422
117	3422
1170	3422
1171	4851
1172	930
1173	930
1174	3422
1175	930
1176	4851
1177	4851
1178	4851
1179	4851
118	3422
1180	4851
1181	3422
1182	930
1183	4851
1184	3422
1185	3422
1186	3422
1187	2659
1188	3422
1189	930
119	3422
1190	3422
1191	2659
1192	4851
1193	3422
1194	3422
1195	3422
1196	3422
1197	930
1198	3422
1199	3422
12	3422
120	3422
1200	3422
1201	3422
1202	4851
1203	930
1204	930
1205	3422
1206	4851
1207	4851
1208	4851
1209	4851
121	3422
1210	4851
1211	4851
1212	4851
1213	4851
1214	930
1215	3422
1216	930
1217	930
1218	3422
1219	4851
122	3422
1220	3422
1221	3422
1222	3422
1223	3422
1224	3422
1225	4851
1226	4851
1227	930
1228	930
1229	3422
123	3422
1230	930
1231	930
1232	930
1233	3422
1234	4851
1235	930
1236	930
1237	930
1238	930
1239	2659
124	3422
1240	4851
1241	4851
1242	4851
1243	930
1244	3422
1245	4851
1246	3422
1247	3422
1248	930
1249	930
125	3422
1250	930
1251	3422
1252	3422
1253	930
1254	930
1255	3422
1256	3422
1257	4851
1258	4851
1259	4851
126	3422
1260	4851
1261	3422
1262	3422
1263	4851
1264	4851
1265	2659
1266	930
1267	4851
1268	930
1269	930
127	3422
1270	930
1271	930
1272	930
1273	3422
1274	3422
1275	4851
1276	930
1277	930
1278	930
1279	3422
128	3422
1280	930
1281	930
1282	4851
1283	3422
1284	4851
1285	930
1286	930
1287	4851
1288	930
1289	3422
129	3422
1290	4851
1291	4851
1292	4851
1293	4851
1294	4851
1295	930
1296	4851
1297	4851
1298	4851
1299	4851
13	3422
130	3422
1300	4851
1301	4851
1302	4851
1303	4851
1304	930
1305	4851
1306	930
1307	930
1308	930
1309	930
131	3422
1310	4851
1311	930
1312	930
1313	930
1314	930
1315	930
1316	930
1317	3422
1318	930
1319	3422
132	3422
1320	930
1321	930
1322	3422
1323	4851
1324	4851
1325	4851
1326	930
1327	930
1328	3422
1329	4851
133	3422
1330	4851
1331	2659
1332	4851
1333	4851
1334	4851
1335	4851
1336	4851
1337	4851
1338	3422
1339	930
134	3422
1340	3422
1341	3422
1342	4851
1343	4851
1344	4851
1345	4851
1346	4851
1347	3422
1348	4851
1349	4851
135	3422
1350	4851
1351	4851
1352	930
1353	930
1354	930
1355	930
1356	930
1357	2659
1358	2659
1359	930
136	3422
1360	3422
1361	2659
1362	2659
1363	2659
1364	2659
1365	4851
1366	4851
1367	2659
1368	2659
1369	2659
137	3422
1370	930
1371	3422
1372	3422
1373	4851
1374	930
1375	930
1376	930
1377	930
1378	930
1379	2659
138	3422
1380	3422
1381	930
1382	930
1383	930
1384	3422
1385	930
1386	930
1387	3422
1388	4851
1389	4851
139	3422
1390	930
1391	930
1392	4851
1393	930
1394	2659
1395	4851
1396	930
1397	3422
1398	4851
1399	930
14	3422
140	3422
1400	4851
1401	4851
1402	4851
1403	4851
1404	4851
1405	4851
1406	930
1407	4851
1408	4851
1409	3422
141	3422
1410	4851
1411	3422
1412	930
1413	930
1414	2659
1415	4851
1416	4851
1417	4851
1418	4851
1419	4851
142	3422
1420	4851
1421	930
1422	930
1423	930
1424	3422
1425	930
1426	4851
1427	3422
1428	930
1429	3422
143	3422
1430	3422
1431	3422
1432	3422
1433	4851
1434	4851
1435	4851
1436	4851
1437	4851
1438	930
1439	930
144	3422
1440	4851
1441	4851
1442	3422
1443	3422
1444	930
1445	930
1446	930
1447	930
1448	930
1449	930
145	3422
1450	3422
1451	930
1452	930
1453	4851
1454	4851
1455	4851
1456	3422
1457	2659
1458	4851
1459	3422
146	3422
1460	930
1461	4851
1462	4851
1463	2659
1464	4851
1465	4851
1466	3422
1467	930
1468	4851
1469	2659
147	3422
1470	930
1471	3422
1472	4851
1473	930
1474	930
1475	930
1476	930
1477	4851
1478	2659
1479	930
148	3422
1480	2659
1481	3422
1482	4851
1483	2659
1484	4851
1485	930
1486	3422
1487	930
1488	930
1489	4851
149	3422
1490	3422
1491	4851
1492	930
1493	930
1494	4851
1495	930
1496	3422
1497	930
1498	930
1499	930
15	3422
150	3422
1500	930
1501	3422
1502	930
1503	930
1504	4851
1505	4851
1506	3422
1507	930
1508	4851
1509	3422
151	3422
1510	3422
1511	3422
1512	930
1513	930
1514	930
1515	930
1516	930
1517	4851
1518	4851
1519	4851
152	3422
1520	3422
1521	930
1522	2659
1523	4851
1524	3422
1525	3422
1526	3422
1527	3422
1528	3422
1529	3422
153	3422
1530	2659
1531	3422
1532	930
1533	930
1534	930
1535	3422
1536	3422
1537	4851
1538	930
1539	3422
154	3422
1540	930
1541	4851
1542	3422
1543	4851
1544	4851
1545	930
1546	930
1547	2659
1548	930
1549	930
155	3422
1550	4851
1551	2659
1552	930
1553	930
1554	4851
1555	930
1556	930
1557	930
1558	3422
1559	930
156	3422
1560	930
1561	930
1562	930
1563	930
1564	930
1565	930
1566	3422
1567	3422
1568	2659
1569	3422
157	930
1570	930
1571	930
1572	930
1573	930
1574	3422
1575	2659
1576	3422
1577	4851
1578	930
1579	4851
158	3422
1580	4851
1581	4851
1582	3422
1583	4851
1584	3422
1585	930
1586	930
1587	3422
1588	930
1589	930
159	3422
1590	930
1591	2659
1592	2659
1593	4851
1594	4851
1595	930
1596	4851
1597	4851
1598	4851
1599	4851
16	3422
160	3422
1600	4851
1601	4851
1602	930
1603	2659
1604	4851
1605	2659
1606	4851
1607	4851
1608	2659
1609	2659
161	3422
1610	930
1611	930
1612	4851
1613	4851
1614	4851
1615	3422
1616	4851
1617	3422
1618	4851
1619	4851
162	3422
1620	930
1621	4851
1622	3422
1623	930
1624	4851
1625	4851
1626	930
1627	930
1628	930
1629	3422
163	3422
1630	930
1631	2659
1632	930
1633	4851
1634	3422
1635	3422
1636	930
1637	3422
1638	930
1639	3422
164	3422
1640	4851
1641	4851
1642	930
1643	930
1644	930
1645	4851
1646	4851
1647	4851
1648	4851
1649	4851
165	3422
1650	4851
1651	3422
1652	3422
1653	4851
1654	930
1655	930
1656	3422
1657	4851
1658	4851
1659	930
166	3422
1660	3422
1661	3422
1662	4851
1663	3422
1664	4851
1665	3422
1666	3422
1667	3422
1668	3422
1669	4851
167	3422
1670	930
1671	3422
1672	3422
1673	4851
1674	4851
1675	930
1676	2659
1677	4851
1678	4851
1679	3422
168	3422
1680	3422
1681	4851
1682	4851
1683	3422
1684	4851
1685	930
1686	3422
1687	930
1688	930
1689	930
169	3422
1690	4851
1691	930
1692	930
1693	930
1694	930
1695	930
1696	930
1697	930
1698	4851
1699	930
17	930
170	3422
1700	930
1701	930
1702	3422
1703	930
1704	3422
1705	930
1706	3422
1707	930
1708	930
1709	4851
171	3422
1710	3422
1711	930
1712	3422
1713	930
1714	4851
1715	4851
1716	3422
1717	3422
1718	4851
1719	3422
172	3422
1720	930
1721	3422
1722	930
1723	930
1724	930
1725	3422
1726	930
1727	3422
1728	3422
1729	3422
173	3422
1730	3422
1731	3422
1732	4851
1733	3422
1734	3422
1735	3422
1736	3422
1737	3422
1738	3422
1739	3422
174	3422
1740	4851
1741	4851
1742	4851
1743	4851
1744	930
1745	930
1746	930
1747	930
1748	2659
1749	930
175	3422
1750	4851
1751	930
1752	930
1753	3422
1754	930
1755	4851
1756	4851
1757	4851
1758	4851
1759	4851
176	3422
1760	4851
1761	4851
1762	4851
1763	4851
1764	4851
1765	4851
1766	4851
1767	2659
1768	2659
1769	2659
177	3422
1770	4851
1771	4851
1772	4851
1773	4851
1774	4851
1775	3422
1776	930
1777	3422
1778	3422
1779	3422
178	3422
1780	3422
1781	3422
1782	3422
1783	3422
1784	2659
1785	2659
1786	4851
1787	930
1788	930
1789	3422
179	3422
1790	3422
1791	3422
1792	3422
1793	3422
1794	930
1795	3422
1796	3422
1797	3422
1798	2659
1799	930
18	3422
180	3422
1800	4851
1801	930
1802	3422
1803	4851
1804	930
1805	930
1806	930
1807	4851
1808	4851
1809	3422
181	3422
1810	3422
1811	3422
1812	3422
1813	3422
1814	3422
1815	3422
1816	3422
1817	930
1818	930
1819	3422
182	3422
1820	3422
1821	3422
1822	3422
1823	930
1824	4851
1825	4851
1826	4851
1827	4851
1828	4851
1829	4851
183	3422
1830	930
1831	930
1832	930
1833	3422
1834	3422
1835	3422
1836	2659
1837	930
1838	4851
1839	2659
184	3422
1840	4851
1841	3422
1842	4851
1843	4851
1844	930
1845	3422
1846	3422
1847	4851
1848	3422
1849	4851
185	3422
1850	4851
1851	930
1852	4851
1853	4851
1854	930
1855	4851
1856	930
1857	4851
1858	4851
1859	4851
186	3422
1860	930
1861	930
1862	4851
1863	930
1864	4851
1865	2659
1866	2659
1867	2659
1868	2659
1869	4851
187	3422
1870	2659
1871	2659
1872	930
1873	4851
1874	4851
1875	4851
1876	4851
1877	4851
1878	4851
1879	4851
188	3422
1880	930
1881	4851
1882	930
1883	930
1884	4851
1885	4851
1886	4851
1887	930
1888	930
1889	930
189	3422
1890	930
1891	4851
1892	3422
1893	930
1894	4851
1895	3422
1896	3422
1897	3422
1898	930
1899	4851
19	3422
190	3422
1900	4851
1901	3422
1902	930
1903	4851
1904	4851
1905	3422
1906	3422
1907	2659
1908	2659
1909	2659
191	930
1910	2659
1911	930
1912	4851
1913	4851
1914	4851
1915	4851
1916	930
1917	4851
1918	4851
1919	3422
192	3422
1920	930
1921	3422
1922	2659
1923	2659
1924	3422
1925	3422
1926	4851
1927	3422
1928	930
1929	4851
193	3422
1930	930
1931	930
1932	3422
1933	4851
1934	4851
1935	930
1936	930
1937	4851
1938	4851
1939	4851
194	3422
1940	4851
1941	3422
1942	3422
1943	3422
1944	930
1945	4851
1946	3422
1947	3422
1948	930
1949	930
195	3422
1950	4851
1951	930
1952	930
1953	2659
1954	4851
1955	4851
1956	4851
1957	930
1958	4851
1959	4851
196	3422
1960	4851
1961	3422
1962	4851
1963	2659
1964	930
1965	930
1966	4851
1967	930
1968	930
1969	930
197	3422
1970	3422
1971	3422
1972	930
1973	3422
1974	930
1975	3422
1976	930
1977	930
1978	930
1979	4851
198	3422
1980	4851
1981	930
1982	930
1983	4851
1984	930
1985	2659
1986	3422
1987	4851
1988	4851
1989	3422
199	3422
1990	930
1991	3422
1992	930
1993	4851
1994	930
1995	3422
1996	3422
1997	4851
1998	930
1999	3422
2	930
20	3422
200	3422
2000	3422
2001	3422
2002	930
2003	4851
2004	4851
2005	4851
2006	3422
2007	3422
2008	4851
2009	4851
201	3422
2010	930
2011	3422
2012	4851
2013	3422
2014	4851
2015	930
2016	4851
2017	4851
2018	2659
2019	930
202	3422
2020	3422
2021	3422
2022	2659
2023	3422
2024	3422
2025	3422
2026	4851
2027	4851
2028	2659
2029	3422
203	3422
2030	3422
2031	4851
2032	2659
2033	2659
2034	930
2035	3422
2036	3422
2037	3422
2038	930
2039	4851
204	3422
2040	930
2041	930
2042	3422
2043	4851
2044	3422
2045	930
2046	3422
2047	3422
2048	930
2049	3422
205	3422
2050	930
2051	3422
2052	3422
2053	3422
2054	3422
2055	930
2056	930
2057	4851
2058	3422
2059	930
206	3422
2060	930
2061	930
2062	3422
2063	930
2064	930
2065	930
2066	930
2067	930
2068	930
2069	4851
207	3422
2070	4851
2071	4851
2072	4851
2073	930
2074	2659
2075	2659
2076	2659
2077	930
2078	930
2079	2659
208	3422
2080	2659
2081	4851
2082	930
2083	930
2084	930
2085	930
2086	4851
2087	4851
2088	4851
2089	4851
209	3422
2090	930
2091	4851
2093	4851
2094	4851
2095	2659
2096	2659
2097	930
2098	930
2099	930
21	3422
210	3422
2100	930
2101	930
2102	4851
2103	930
2104	4851
2105	4851
2106	3422
2107	4851
2108	4851
2109	4851
211	3422
2110	4851
2111	4851
2112	4851
2113	3422
2114	930
2115	4851
2116	2659
2117	930
2118	930
2119	4851
212	3422
2120	930
2121	930
2122	930
2123	3422
2124	4851
2125	4851
2126	4851
2127	930
2128	930
2129	930
213	3422
2130	4851
2131	930
2132	930
2133	930
2134	4851
2135	4851
2136	4851
2137	4851
2138	4851
2139	2659
214	3422
2140	2659
2141	3422
2142	3422
2143	3422
2144	3422
2145	3422
2146	3422
2147	3422
2148	3422
2149	3422
215	3422
2150	3422
2151	3422
2152	3422
2153	3422
2154	3422
2155	3422
2156	3422
2157	3422
2158	3422
2159	3422
216	3422
2160	930
2161	3422
2162	4851
2163	3422
2164	4851
2165	4851
2166	930
2167	930
2168	930
2169	930
217	3422
2170	3422
2171	930
2172	3422
2173	3422
2174	4851
2175	4851
2176	4851
2177	4851
2178	930
2179	4851
218	3422
2180	4851
2181	930
2182	3422
2183	930
2184	4851
2185	4851
2186	4851
2187	3422
2188	4851
2189	4851
219	3422
2190	3422
2191	3422
2192	930
2193	930
2194	4851
2195	4851
2196	930
2197	930
2198	930
2199	4851
22	3422
220	3422
2200	3422
2201	4851
2202	3422
2203	930
2204	4851
2205	4851
2206	3422
2207	3422
2208	3422
2209	3422
221	3422
2210	930
2211	930
2212	4851
2213	930
2214	930
2215	4851
2216	2659
2217	4851
2218	4851
2219	4851
222	3422
2220	2659
2221	4851
2222	4851
2223	930
2224	3422
2225	4851
2226	3422
2227	3422
2228	3422
2229	4851
223	3422
2230	3422
2231	4851
2232	930
2233	2659
2234	930
2235	930
2236	930
2237	930
2238	930
2239	4851
224	3422
2240	3422
2241	3422
2242	3422
2243	4851
2244	4851
2245	4851
2246	4851
2247	3422
2248	4851
2249	4851
225	3422
2250	4851
2251	3422
2252	3422
2253	4851
2254	3422
2255	4851
2256	4851
2257	930
2258	4851
2259	3422
226	3422
2260	2659
2261	4851
2262	3422
2263	4851
2264	930
2265	930
2266	4851
2267	930
2268	4851
2269	4851
227	3422
2270	4851
2271	930
2272	3422
2273	4851
2274	3422
2275	930
2276	930
2277	930
2278	930
2279	3422
228	3422
2280	4851
2281	4851
2282	4851
2283	3422
2284	4851
2285	3422
2286	930
2287	930
2288	4851
2289	4851
229	3422
2290	930
2291	2659
2292	2659
2293	3422
2294	930
2295	930
2296	930
2297	930
2298	3422
2299	3422
23	3422
230	3422
2300	930
2301	930
2302	930
2303	3422
2304	3422
2305	930
2306	4851
2307	4851
2308	930
2309	930
231	3422
2310	3422
2311	930
2312	3422
2313	930
2314	930
2315	4851
2316	930
2317	4851
2318	3422
2319	4851
232	3422
2320	4851
2321	930
2322	930
2323	930
2324	4851
2325	4851
2326	4851
2327	4851
2328	930
2329	4851
233	3422
2330	930
2331	3422
2332	3422
2333	4851
2334	930
2335	930
2336	930
2337	3422
2338	3422
2339	930
234	3422
2340	3422
2341	3422
2342	930
2343	3422
2344	3422
2345	3422
2346	3422
2347	3422
2348	4851
2349	3422
235	3422
2350	3422
2351	3422
2352	3422
2353	4851
2354	930
2355	4851
2356	930
2357	4851
2358	4851
2359	930
236	3422
2360	3422
2361	3422
2362	4851
2363	4851
2364	3422
2365	3422
2366	4851
2367	4851
2368	4851
2369	4851
237	930
2370	930
2371	4851
2372	4851
2373	3422
2374	930
2375	3422
2376	4851
2377	930
2378	3422
2379	4851
238	3422
2380	3422
2381	4851
2382	4851
2383	930
2384	4851
2385	930
2386	930
2387	930
2388	930
2389	3422
239	3422
2390	3422
2391	3422
2392	4851
2393	3422
2394	3422
2395	3422
2396	3422
2397	3422
2398	3422
2399	3422
24	3422
240	3422
2400	930
2401	3422
2402	3422
2403	3422
2404	3422
2405	3422
2406	3422
2407	4851
2408	4851
2409	930
241	3422
2410	3422
2411	3422
2412	3422
2413	4851
2414	4851
2415	3422
2416	3422
2417	930
2418	930
2419	4851
242	3422
2420	930
2421	4851
2422	4851
2423	2659
2424	2659
2425	3422
2426	3422
2427	930
2428	4851
2429	3422
243	3422
2430	3422
2431	930
2432	930
2433	930
2434	930
2435	930
2436	930
2437	930
2438	3422
2439	930
244	4851
2440	2659
2441	930
2442	930
2443	4851
2444	3422
2445	3422
2446	930
2447	3422
2448	930
2449	930
245	3422
2450	930
2451	2659
2452	930
2453	4851
2454	930
2455	3422
2456	930
2457	930
2458	930
2459	930
246	3422
2460	4851
2461	930
2462	3422
2463	2659
2464	3422
2465	4851
2466	930
2467	4851
2468	930
2469	930
247	3422
2470	930
2471	930
2472	930
2473	930
2474	3422
2475	930
2476	930
2477	930
2478	4851
2479	3422
248	3422
2480	3422
2481	930
2482	3422
2483	3422
2484	3422
2485	3422
2486	930
2487	930
2488	930
2489	930
249	3422
2490	3422
2491	3422
2492	930
2493	930
2494	930
2495	3422
2496	930
2497	3422
2498	4851
2499	3422
25	3422
250	3422
2500	4851
2501	930
2502	2659
2503	930
2504	930
2505	4851
2506	2659
2507	930
2508	4851
2509	4851
251	3422
2510	930
2511	930
2512	3422
2513	3422
2514	4851
2515	3422
2516	930
2517	3422
2518	4851
2519	4851
252	3422
2520	3422
2521	930
2522	4851
2523	3422
2524	3422
2525	4851
2526	3422
2527	3422
2528	930
2529	930
253	3422
2530	930
2531	930
2532	3422
2533	3422
2534	4851
2535	4851
2536	4851
2537	4851
2538	3422
2539	4851
254	3422
2540	4851
2541	930
2542	930
2543	930
2544	930
2545	930
2546	930
2547	4851
2548	4851
2549	4851
255	3422
2550	3422
2551	930
2552	930
2553	930
2554	4851
2555	930
2556	930
2557	930
2558	930
2559	930
256	3422
2560	930
2561	930
2562	930
2563	930
2564	930
2565	930
2566	930
2567	930
2568	930
2569	930
257	3422
2570	930
2571	930
2572	930
2573	930
2574	930
2575	930
2576	930
2577	930
2578	930
2579	3422
258	3422
2580	4851
2581	4851
2582	4851
2583	4851
2584	4851
2585	4851
2586	4851
2587	4851
2588	4851
2589	4851
259	930
2590	4851
2591	4851
2592	3422
2593	3422
2594	930
2595	4851
2596	4851
2597	930
2598	4851
2599	4851
26	3422
260	3422
2600	4851
2601	4851
2602	930
2603	930
2604	4851
2605	930
2606	930
2607	4851
2608	3422
2609	4851
261	3422
2610	2659
2611	3422
2612	930
2613	4851
2614	2659
2615	3422
2616	930
2617	930
2618	3422
2619	930
262	3422
2620	930
2621	3422
2622	930
2623	930
2624	2659
2625	930
2626	4851
2627	930
2628	930
2629	930
263	3422
2630	4851
2631	3422
2632	4851
2633	930
2634	930
2635	4851
2636	930
2637	3422
2638	3422
2639	930
264	930
2640	2659
2641	4851
2642	4851
2643	4851
2644	2659
2645	930
2646	930
2647	4851
2648	930
2649	930
265	3422
2650	3422
2651	3422
2652	4851
2653	930
2654	4851
2655	4851
2656	2659
2657	2659
2658	4851
2659	3422
266	3422
2660	4851
2661	3422
2662	4851
2663	3422
2664	930
2665	930
2666	3422
2667	930
2668	930
2669	2659
267	3422
2670	930
2671	930
2672	4851
2673	4851
2674	3422
2675	930
2676	2659
2677	930
2678	2659
2679	4851
268	930
2680	4851
2681	4851
2682	4851
2683	4851
2684	4851
2685	4851
2686	4851
2687	930
2688	930
2689	930
269	930
2690	930
2691	4851
2692	2659
2693	4851
2694	3422
2695	4851
2696	4851
2697	4851
2698	3422
2699	3422
27	3422
270	3422
2700	3422
2701	930
2702	930
2703	930
2704	930
2705	930
2706	3422
2707	3422
2708	3422
2709	4851
271	3422
2710	3422
2711	3422
2712	3422
2713	4851
2714	3422
2715	930
2716	4851
2717	3422
2718	3422
2719	2659
272	3422
2720	930
2721	930
2722	3422
2723	930
2724	4851
2725	3422
2726	930
2727	2659
2728	4851
2729	930
273	930
2730	3422
2731	930
2732	930
2733	3422
2734	3422
2735	3422
2736	4851
2737	4851
2738	930
2739	930
274	3422
2740	930
2741	930
2742	930
2743	930
2744	930
2745	3422
2746	3422
2747	930
2748	4851
2749	930
275	930
2750	4851
2751	3422
2752	4851
2753	3422
2754	4851
2755	3422
2756	3422
2757	930
2758	3422
2759	930
276	3422
2760	3422
2761	930
2762	3422
2763	930
2764	3422
2765	3422
2766	3422
2767	3422
2768	4851
2769	930
277	930
2770	4851
2771	3422
2772	3422
2773	930
2774	3422
2775	3422
2776	3422
2777	3422
2778	3422
2779	3422
278	930
2780	3422
2781	4851
2782	930
2783	930
2784	930
2785	930
2786	930
2787	4851
2788	3422
2789	3422
279	3422
2790	930
2791	930
2792	930
2793	930
2794	930
2795	3422
2796	3422
2797	4851
2798	3422
2799	930
28	3422
280	930
2800	930
2801	3422
2802	930
2803	4851
2804	3422
2805	3422
2806	930
2807	930
2808	930
2809	3422
281	930
2810	930
2811	3422
2812	3422
2813	3422
2814	930
2815	3422
2816	930
2817	930
2818	930
2819	4851
282	930
2820	930
2821	3422
2822	930
2823	3422
2824	3422
2825	3422
2826	930
2827	3422
2828	4851
2829	3422
283	930
2830	3422
2831	4851
2832	3422
2833	3422
2834	3422
2835	3422
2836	930
2837	3422
2838	3422
2839	930
284	4851
2840	3422
2841	3422
2842	3422
2843	3422
2844	3422
2845	3422
2846	3422
2847	930
2848	3422
2849	3422
285	930
2850	4851
2851	3422
2852	3422
2853	3422
2854	3422
2855	3422
2856	930
2857	930
2858	930
2859	930
286	930
2860	930
2861	3422
2862	3422
2863	2659
2864	930
2865	930
2866	4851
2867	3422
2868	930
2869	930
287	930
2870	930
2871	4851
2872	930
2873	930
2874	930
2875	4851
2876	930
2877	4851
2878	4851
2879	4851
288	3422
2880	930
2881	930
2882	930
2883	930
2884	4851
2885	930
2886	930
2887	4851
2888	930
2889	930
289	3422
2890	4851
2891	3422
2892	930
2893	930
2894	930
2895	930
2896	930
2897	3422
2898	4851
2899	4851
29	3422
290	3422
2900	3422
2901	930
2902	4851
2903	930
2904	4851
2905	4851
2906	4851
2907	3422
2908	3422
2909	4851
291	3422
2910	3422
2911	930
2912	930
2913	930
2914	3422
2915	4851
2916	930
2917	930
2918	4851
2919	930
292	930
2920	4851
2921	4851
2922	4851
2923	930
2924	3422
2925	930
2926	930
2927	4851
2928	930
2929	930
293	4851
2930	2659
2931	2659
2932	930
2933	930
2934	930
2935	930
2936	3422
2937	4851
2938	930
2939	4851
294	930
2940	930
2941	930
2942	930
2943	3422
2944	4851
2945	4851
2946	930
2947	930
2948	4851
2949	3422
295	3422
2950	930
2951	4851
2952	930
2953	930
2954	3422
2955	3422
2956	930
2957	930
2958	3422
2959	930
296	3422
2960	4851
2961	930
2962	3422
2963	930
2964	4851
2965	4851
2966	930
2967	3422
2968	930
2969	930
297	3422
2970	930
2971	930
2972	3422
2973	4851
2974	4851
2975	4851
2976	930
2977	930
2978	930
2979	930
298	4851
2980	930
2981	4851
2982	3422
2983	3422
2984	4851
2985	930
2986	4851
2987	4851
2988	930
2989	930
299	4851
2990	930
2991	3422
2992	3422
2993	4851
2994	930
2995	930
2996	3422
2997	930
2998	930
2999	3422
3	930
30	3422
300	930
3000	4851
3001	930
3002	3422
3003	3422
3004	4851
3005	4851
3006	930
3007	3422
3008	4851
3009	3422
301	4851
3010	3422
3011	4851
3012	4851
3013	930
3014	4851
3015	2659
3016	930
3017	2659
3018	3422
3019	3422
302	4851
3020	4851
3021	930
3022	4851
3023	4851
3024	4851
3025	930
3026	2659
3027	930
3028	930
3029	930
303	4851
3030	930
3031	3422
3032	930
3033	4851
3034	4851
3035	930
3036	930
3037	930
3038	930
3039	3422
304	4851
3040	930
3041	930
3042	930
3043	930
3044	930
3045	930
3046	930
3047	4851
3048	930
3049	4851
305	930
3050	930
3051	4851
3052	930
3053	3422
3054	930
3055	930
3056	930
3057	3422
3058	3422
3059	2659
306	3422
3060	2659
3061	3422
3062	3422
3063	2659
3064	2659
3065	2659
3066	2659
3067	930
3068	4851
3069	3422
307	930
3070	3422
3071	4851
3072	4851
3073	4851
3074	930
3075	930
3076	930
3077	930
3078	3422
3079	930
308	3422
3080	930
3081	930
3082	930
3083	930
3084	930
3085	930
3086	4851
3087	4851
3088	930
3089	4851
309	930
3090	930
3091	930
3092	930
3093	930
3094	4851
3095	930
3096	930
3097	4851
3098	4851
3099	930
31	3422
310	930
3100	3422
3101	930
3102	930
3103	930
3104	3422
3105	3422
3106	4851
3107	930
3108	930
3109	4851
311	4851
3110	4851
3111	4851
3112	930
3113	4851
3114	4851
3115	3422
3116	3422
3117	3422
3118	3422
3119	4851
312	930
3120	930
3121	3422
3122	3422
3123	3422
3124	3422
3125	4851
3126	3422
3127	3422
3128	3422
3129	3422
313	4851
3130	3422
3131	3422
3132	3422
3133	2659
3134	2659
3135	930
3136	930
3137	3422
3138	3422
3139	3422
314	930
3140	3422
3141	3422
3142	3422
3143	3422
3144	3422
3145	3422
3146	4851
3147	930
3148	930
3149	3422
315	930
3150	4851
3151	3422
3152	930
3153	3422
3154	930
3155	3422
3156	3422
3157	3422
3158	4851
3159	930
316	2659
3160	930
3161	4851
3162	930
3163	3422
3164	3422
3165	3422
3166	3422
3167	3422
3168	930
3169	930
317	930
3170	4851
3171	4851
3172	4851
3173	930
3174	4851
3175	930
3176	930
3177	4851
3178	3422
3179	3422
318	930
3180	3422
3181	3422
3182	3422
3183	3422
3184	3422
3185	930
3186	3422
3187	3422
3188	930
3189	930
319	930
3190	3422
3191	930
3192	930
3193	3422
3194	930
3195	4851
3196	930
3197	2659
3198	930
3199	4851
32	3422
320	930
3200	3422
3201	4851
3202	4851
3203	4851
3204	4851
3205	930
3206	930
3207	930
3208	4851
3209	4851
321	3422
3210	3422
3211	930
3212	930
3213	3422
3214	930
3215	930
3216	930
3217	3422
3218	3422
3219	930
322	3422
3220	930
3221	4851
3222	4851
3223	930
3224	930
3225	4851
3226	4851
3227	3422
3228	4851
3229	930
323	3422
3230	930
3231	3422
3232	3422
3233	3422
3234	2659
3235	4851
3236	4851
3237	3422
3238	2659
3239	930
324	930
3240	930
3241	930
3242	930
3243	930
3244	2659
3245	930
3246	930
3247	930
3248	3422
3249	3422
325	3422
3250	3422
3251	3422
3252	930
3253	4851
3254	2659
3255	3422
3256	4851
3257	3422
3258	930
3259	930
326	4851
3260	930
3261	3422
3262	3422
3263	3422
3264	2659
3265	930
3266	4851
3267	930
3268	930
3269	4851
327	3422
3270	4851
3271	930
3272	3422
3273	930
3274	930
3275	3422
3276	3422
3277	3422
3278	930
3279	3422
328	930
3280	3422
3281	3422
3282	3422
3283	3422
3284	3422
3285	3422
3286	3422
3287	3422
3288	3422
3289	930
329	930
3290	4851
3291	3422
3292	930
3293	4851
3294	4851
3295	3422
3296	3422
3297	4851
3298	4851
3299	2659
33	3422
330	930
3300	4851
3301	2659
3302	2659
3303	2659
3304	3422
3305	2659
3306	2659
3307	930
3308	4851
3309	3422
331	4851
3310	4851
3311	4851
3312	930
3313	930
3314	930
3315	930
3316	4851
3317	930
3318	4851
3319	930
332	930
3320	930
3321	930
3322	930
3323	4851
3324	2659
3325	4851
3326	4851
3327	930
3328	4851
3329	930
333	3422
3330	4851
3331	4851
3332	3422
3333	2659
3334	4851
3335	930
3336	930
3337	930
3338	930
3339	930
334	2659
3340	4851
3341	930
3342	3422
3343	4851
3344	4851
3345	3422
3346	4851
3347	4851
3348	4851
3349	4851
335	4851
3350	930
3351	930
3352	3422
3353	4851
3354	4851
3355	930
3356	930
3357	3422
3358	930
3359	4851
336	2659
3360	3422
3361	4851
3362	4851
3363	4851
3364	4851
3365	4851
3366	4851
3367	4851
3368	3422
3369	930
337	930
3370	930
3371	930
3372	4851
3373	3422
3374	3422
3375	3422
3376	4851
3377	930
3378	930
3379	3422
338	930
3380	930
3381	4851
3382	4851
3383	3422
3384	3422
3385	930
3386	930
3387	930
3388	3422
3389	930
339	930
3390	930
3391	930
3392	4851
3393	3422
3394	930
3395	930
3396	930
3397	930
3398	930
3399	930
34	3422
340	930
3400	930
3401	4851
3402	4851
3403	4851
3404	3422
3405	3422
3406	3422
3407	3422
3408	3422
3409	930
341	3422
3410	4851
3411	930
3412	3422
3413	3422
3414	930
3415	4851
3416	4851
3417	3422
3418	3422
3419	930
342	930
3420	930
3421	3422
3422	4851
3423	3422
3424	3422
3425	3422
3426	3422
3427	3422
3428	4851
3429	4851
343	4851
3430	930
3431	930
3432	4851
3433	4851
3434	3422
3435	4851
3436	930
3437	2659
3438	930
3439	930
344	3422
3440	2659
3441	930
3442	930
3443	4851
3444	4851
3445	4851
3446	930
3447	930
3448	4851
3449	4851
345	930
3450	4851
3451	4851
3452	4851
3453	4851
3454	930
3455	930
3456	930
3457	3422
3458	930
3459	3422
346	930
3460	930
3461	930
3462	930
3463	930
3464	930
3465	930
3466	4851
3467	4851
3468	930
3469	4851
347	4851
3470	930
3471	930
3472	3422
3473	2659
3474	930
3475	930
3476	930
3477	930
3478	3422
3479	930
348	4851
3480	2659
3481	3422
3482	3422
3483	4851
3484	3422
3485	4851
3486	3422
3487	4851
3488	3422
3489	3422
349	4851
3490	4851
3491	3422
3492	930
3493	4851
3494	3422
3495	2659
3496	930
3497	930
3498	930
3499	4851
35	3422
350	930
3500	3422
3501	4851
3502	3422
3503	4851
3504	4851
3505	3422
3506	930
3507	930
3508	930
3509	4851
351	930
3510	4851
3511	3422
3512	3422
3513	4851
3514	3422
3515	4851
3516	930
3517	3422
3518	4851
3519	4851
352	3422
3520	930
3521	3422
3522	930
3523	930
3524	2659
3525	930
3526	930
3527	4851
3528	4851
3529	2659
353	4851
3530	930
3531	930
3532	4851
3533	930
3534	4851
3535	930
3536	4851
3537	3422
3538	930
3539	930
354	4851
3540	3422
3541	3422
3542	930
3543	3422
3544	930
3545	930
3546	930
3547	4851
3548	4851
3549	4851
355	4851
3550	3422
3551	4851
3552	930
3553	4851
3554	930
3555	930
3556	4851
3557	930
3558	930
3559	930
356	4851
3560	930
3561	4851
3562	930
3563	930
3564	930
3565	930
3566	4851
3567	930
3568	930
3569	3422
357	3422
3570	4851
3571	930
3572	3422
3573	3422
3574	930
3575	930
3576	930
3577	930
3578	930
3579	3422
358	4851
3580	3422
3581	930
3582	930
3583	4851
3584	2659
3585	2659
3586	4851
3587	4851
3588	930
3589	3422
359	4851
3590	4851
3591	930
3592	930
3593	930
3594	3422
3595	2659
3596	3422
3597	3422
3598	3422
3599	3422
36	3422
360	4851
3600	930
3601	4851
3602	930
3603	4851
3604	4851
3605	930
3606	4851
3607	4851
3608	4851
3609	4851
361	4851
3610	930
3611	930
3612	930
3613	930
3614	3422
3615	4851
3616	3422
3617	930
3618	3422
3619	3422
362	3422
3620	930
3621	3422
3622	3422
3623	4851
3624	3422
3625	3422
3626	930
3627	3422
3628	930
3629	4851
363	3422
3630	2659
3631	3422
3632	4851
3633	3422
3634	3422
3635	930
3636	930
3637	930
3638	3422
3639	4851
364	930
3640	4851
3641	930
3642	4851
3643	4851
3644	930
3645	930
3646	930
3647	4851
3648	4851
3649	930
365	930
3650	3422
3651	930
3652	4851
3653	930
3654	3422
3655	3422
3656	3422
3657	3422
3658	4851
3659	4851
366	930
3660	4851
3661	4851
3662	4851
3663	4851
3664	4851
3665	930
3666	4851
3667	930
3668	930
3669	4851
367	2659
3670	3422
3671	930
3672	4851
3673	3422
3674	930
3675	2659
3676	3422
3677	3422
3678	4851
3679	930
368	3422
3680	4851
3681	4851
3682	930
3683	3422
3684	3422
3685	930
3686	3422
3687	930
3688	930
3689	3422
369	4851
3690	3422
3691	930
3692	930
3693	3422
3694	930
3695	3422
3696	930
3697	930
3698	3422
3699	4851
37	3422
370	930
3700	4851
3701	4851
3702	4851
3703	2659
3704	2659
3705	930
3706	2659
3707	2659
3708	2659
3709	930
371	930
3710	930
3711	3422
3712	4851
3713	4851
3714	4851
3715	4851
3716	4851
3717	4851
3718	3422
3719	3422
372	930
3720	4851
3721	3422
3722	4851
3723	4851
3724	930
3725	930
3726	4851
3727	2659
3728	4851
3729	930
373	3422
3730	930
3731	4851
3732	4851
3733	930
3734	4851
3735	4851
3736	4851
3737	3422
3738	3422
3739	3422
374	930
3740	930
3741	930
3742	930
3743	930
3744	930
3745	4851
3746	4851
3747	3422
3748	3422
3749	930
375	930
3750	930
3751	930
3752	930
3753	4851
3754	3422
3755	3422
3756	930
3757	4851
3758	2659
3759	4851
376	930
3760	3422
3761	4851
3762	3422
3763	3422
3764	3422
3765	3422
3766	2659
3767	2659
3768	930
3769	4851
377	3422
3770	4851
3771	4851
3772	4851
3773	930
3774	4851
3775	4851
3776	3422
3777	3422
3778	3422
3779	3422
378	4851
3780	3422
3781	2659
3782	2659
3783	930
3784	4851
3785	4851
3786	3422
3787	3422
3788	4851
3789	4851
379	4851
3790	4851
3791	930
3792	4851
3793	3422
3794	4851
3795	930
3796	930
3797	930
3798	4851
3799	4851
38	3422
380	4851
3800	4851
3801	4851
3802	3422
3803	4851
3804	3422
3805	4851
3806	930
3807	930
3808	930
3809	3422
381	930
3810	4851
3811	4851
3812	4851
3813	3422
3814	4851
3815	930
3816	4851
3817	4851
3818	930
3819	4851
382	4851
3820	930
3821	930
3822	3422
3823	930
3824	930
3825	3422
3826	3422
3827	930
3828	930
3829	4851
383	4851
3830	4851
3831	930
3832	930
3833	4851
3834	3422
3835	4851
3836	930
3837	3422
3838	930
3839	930
384	4851
3840	930
3841	4851
3842	930
3843	930
3844	4851
3845	930
3846	930
3847	4851
3848	4851
3849	930
385	4851
3850	3422
3851	930
3852	3422
3853	3422
3854	4851
3855	4851
3856	4851
3857	930
3858	2659
3859	4851
386	930
3860	930
3861	2659
3862	930
3863	4851
3864	3422
3865	4851
3866	930
3867	930
3868	4851
3869	3422
387	930
3870	3422
3871	930
3872	930
3873	930
3874	930
3875	4851
3876	4851
3877	3422
3878	4851
3879	3422
388	4851
3880	4851
3881	930
3882	3422
3883	930
3884	4851
3885	4851
3886	930
3887	4851
3888	4851
3889	3422
389	930
3890	4851
3891	3422
3892	930
3893	930
3894	930
3895	2659
3896	4851
3897	2659
3898	930
3899	4851
39	3422
390	930
3900	4851
3901	4851
3902	2659
3903	4851
3904	2659
3905	4851
3906	930
3907	930
3908	930
3909	3422
391	930
3910	3422
3911	930
3912	930
3913	3422
3914	3422
3915	3422
3916	930
3917	930
3918	3422
3919	3422
392	930
3920	930
3921	4851
3922	3422
3923	4851
3924	4851
3925	4851
3926	930
3927	4851
3928	4851
3929	3422
393	4851
3930	3422
3931	930
3932	930
3933	4851
3934	930
3935	930
3936	3422
3937	3422
3938	930
3939	4851
394	3422
3940	3422
3941	4851
3942	4851
3943	4851
3944	4851
3945	4851
3946	4851
3947	4851
3948	4851
3949	4851
395	930
3950	4851
3951	4851
3952	4851
3953	4851
3954	4851
3955	4851
3956	3422
3957	3422
3958	3422
3959	3422
396	4851
3960	4851
3961	930
3962	2659
3963	2659
3964	4851
3965	4851
3966	2659
3967	3422
3968	4851
3969	4851
397	3422
3970	3422
3971	4851
3972	4851
3973	930
3974	3422
3975	930
3976	4851
3977	3422
3978	4851
3979	2659
398	930
3980	4851
3981	4851
3982	4851
3983	930
3984	4851
3985	4851
3986	4851
3987	4851
3988	4851
3989	4851
399	930
3990	4851
3991	930
3992	2659
3993	4851
3994	930
3995	3422
3996	4851
3997	4851
3998	4851
3999	4851
4	2659
40	3422
400	930
4000	4851
4001	4851
4002	4851
4003	4851
4004	3422
4005	4851
4006	3422
4007	930
4008	3422
4009	930
401	3422
4010	4851
4011	2659
4012	3422
4013	930
4014	4851
4015	2659
4016	4851
4017	930
4018	930
4019	4851
402	3422
4020	930
4021	930
4022	930
4023	930
4024	930
4025	930
4026	930
4027	930
4028	3422
4029	4851
403	3422
4030	4851
4031	4851
4032	4851
4033	2659
4034	2659
4035	4851
4036	2659
4037	4851
4038	930
4039	4851
404	3422
4040	3422
4041	3422
4042	3422
4043	930
4044	930
4045	930
4046	930
4047	3422
4048	3422
4049	930
405	930
4050	930
4051	4851
4052	3422
4053	4851
4054	930
4055	2659
4056	930
4057	930
4058	930
4059	3422
406	930
4060	930
4061	4851
4062	930
4063	4851
4064	3422
4065	4851
4066	3422
4067	3422
4068	3422
4069	4851
407	930
4070	4851
4071	930
4072	930
4073	930
4074	930
4075	930
4076	930
4077	930
4078	4851
4079	2659
408	3422
4080	4851
4081	3422
4082	4851
4083	930
4084	930
4085	930
4086	4851
4087	3422
4088	3422
4089	4851
409	930
4090	930
4091	930
4092	930
4093	3422
4094	930
4095	930
4096	3422
4097	4851
4098	930
4099	4851
41	3422
410	930
4100	4851
4101	4851
4102	4851
4103	4851
4104	930
4105	4851
4106	3422
4107	930
4108	930
4109	2659
411	930
4110	930
4111	930
4112	4851
4113	4851
4114	4851
4115	4851
4116	3422
4117	3422
4118	3422
4119	3422
412	4851
4120	3422
4121	3422
4122	930
4123	3422
4124	3422
4125	3422
4126	2659
4127	3422
4128	930
4129	930
413	3422
4130	930
4131	4851
4132	2659
4133	2659
4134	2659
4135	2659
4136	2659
4137	3422
4138	4851
4139	930
414	2659
4140	4851
4141	4851
4142	930
4143	4851
4144	4851
4145	4851
4146	4851
4147	4851
4148	4851
4149	3422
415	930
4150	4851
4151	930
4152	4851
4153	930
4154	3422
4155	930
4156	930
4157	4851
4158	4851
4159	4851
416	4851
4160	4851
4161	930
4162	4851
4163	3422
4164	930
4165	4851
4166	930
4167	3422
4168	2659
4169	4851
417	4851
4170	930
4171	2659
4172	2659
4173	930
4174	930
4175	930
4176	930
4177	2659
4178	2659
4179	4851
418	4851
4180	4851
4181	4851
4182	4851
4183	4851
4184	4851
4185	3422
4186	930
4187	930
4188	930
4189	930
419	3422
4190	4851
4191	4851
4192	930
4193	930
4194	3422
4195	4851
4196	2659
4197	3422
4198	4851
4199	3422
42	3422
420	4851
4200	3422
4201	4851
4202	4851
4203	4851
4204	4851
4205	3422
4206	930
4207	930
4208	3422
4209	4851
421	930
4210	930
4211	3422
4212	4851
4213	3422
4214	930
4215	930
4216	930
4217	3422
4218	2659
4219	3422
422	4851
4220	930
4221	930
4222	4851
4223	2659
4224	4851
4225	930
4226	4851
4227	2659
4228	3422
4229	3422
423	930
4230	3422
4231	4851
4232	3422
4233	4851
4234	4851
4235	4851
4236	930
4237	4851
4238	930
4239	4851
424	4851
4240	4851
4241	4851
4242	3422
4243	4851
4244	3422
4245	3422
4246	3422
4247	2659
4248	930
4249	3422
425	930
4250	930
4251	930
4252	3422
4253	2659
4254	4851
4255	930
4256	4851
4257	4851
4258	930
4259	3422
426	4851
4260	930
4261	930
4262	3422
4263	3422
4264	3422
4265	3422
4266	4851
4267	4851
4268	4851
4269	930
427	4851
4270	930
4271	930
4272	4851
4273	930
4274	3422
4275	4851
4276	4851
4277	4851
4278	3422
4279	4851
428	930
4280	3422
4281	3422
4282	4851
4283	930
4284	3422
4285	3422
4286	3422
4287	3422
4288	3422
4289	930
429	3422
4290	3422
4291	3422
4292	3422
4293	3422
4294	2659
4295	930
4296	4851
4297	930
4298	4851
4299	930
43	3422
430	3422
4300	4851
4301	4851
4302	3422
4303	3422
4304	930
4305	3422
4306	3422
4307	3422
4308	3422
4309	3422
431	3422
4310	3422
4311	4851
4312	3422
4313	3422
4314	4851
4315	930
4316	3422
4317	3422
4318	3422
4319	3422
432	930
4320	930
4321	4851
4322	4851
4323	3422
4324	4851
4325	930
4326	4851
4327	4851
4328	930
4329	930
433	930
4330	4851
4331	3422
4332	3422
4333	3422
4334	3422
4335	3422
4336	930
4337	930
4338	930
4339	930
434	3422
4340	930
4341	4851
4342	3422
4343	930
4344	3422
4345	930
4346	930
4347	930
4348	930
4349	3422
435	3422
4350	930
4351	3422
4352	4851
4353	4851
4354	3422
4355	4851
4356	4851
4357	930
4358	2659
4359	930
436	3422
4360	3422
4361	4851
4362	3422
4363	3422
4364	3422
4365	3422
4366	3422
4367	3422
4368	3422
4369	3422
437	4851
4370	3422
4371	3422
4372	3422
4373	4851
4374	4851
4375	4851
4376	2659
4377	3422
4378	3422
4379	3422
438	2659
4380	3422
4381	3422
4382	930
4383	930
4384	3422
4385	930
4386	930
4387	930
4388	930
4389	4851
439	2659
4390	3422
4391	4851
4392	930
4393	930
4394	930
4395	3422
4396	3422
4397	4851
4398	3422
4399	4851
44	3422
440	930
4400	4851
4401	930
4402	930
4403	3422
4404	930
4405	930
4406	930
4407	3422
4408	930
4409	930
441	930
4410	930
4411	4851
4412	930
4413	3422
4414	930
4415	4851
4416	4851
4417	3422
4418	930
4419	4851
442	930
4420	930
4421	2659
4422	930
4423	3422
4424	4851
4425	4851
4426	3422
4427	3422
4428	4851
4429	3422
443	4851
4430	4851
4431	3422
4432	930
4433	930
4434	4851
4435	930
4436	930
4437	3422
4438	930
4439	930
444	2659
4440	4851
4441	3422
4442	930
4443	4851
4444	3422
4445	4851
4446	3422
4447	930
4448	930
4449	4851
445	3422
4450	4851
4451	4851
4452	4851
4453	3422
4454	930
4455	930
4456	930
4457	930
4458	4851
4459	4851
446	3422
4460	4851
4461	3422
4462	3422
4463	930
4464	4851
4465	930
4466	930
4467	3422
4468	3422
4469	3422
447	930
4470	3422
4471	3422
4472	3422
4473	3422
4474	3422
4475	3422
4476	3422
4477	3422
4478	930
4479	930
448	4851
4480	930
4481	4851
4482	930
4483	4851
4484	4851
4485	3422
4486	4851
4487	4851
4488	4851
4489	3422
449	4851
4490	930
4491	3422
4492	4851
4493	3422
4494	4851
4495	3422
4496	930
4497	930
4498	930
4499	4851
45	3422
450	4851
4500	4851
4501	4851
4502	4851
4503	3422
4504	4851
4505	4851
4506	4851
4507	3422
4508	930
4509	930
451	4851
4510	3422
4511	930
4512	4851
4513	2659
4514	4851
4515	930
4516	930
4517	3422
4518	930
4519	930
452	930
4520	4851
4521	930
4522	2659
4523	2659
4524	3422
4525	3422
4526	3422
4527	930
4528	3422
4529	4851
453	3422
4530	930
4531	930
4532	930
4533	4851
4534	3422
4535	3422
4536	930
4537	4851
4538	930
4539	3422
454	930
4540	3422
4541	3422
4542	4851
4543	930
4544	930
4545	930
4546	4851
4547	930
4548	3422
4549	3422
455	4851
4550	3422
4551	4851
4552	3422
4553	4851
4554	930
4555	4851
4556	930
4557	930
4558	930
4559	4851
456	4851
4560	930
4561	930
4562	930
4563	930
4564	930
4565	930
4566	3422
4567	4851
4568	4851
4569	930
457	3422
4570	4851
4571	4851
4572	930
4573	930
4574	3422
4575	3422
4576	3422
4577	930
4578	4851
4579	930
458	4851
4580	3422
4581	3422
4582	930
4583	3422
4584	930
4585	3422
4586	4851
4587	930
4588	930
4589	930
459	4851
4590	4851
4591	930
4592	930
4593	4851
4594	930
4595	4851
4596	3422
4597	930
4598	930
4599	3422
46	3422
460	930
4600	4851
4601	930
4602	3422
4603	4851
4604	4851
4605	4851
4606	930
4607	930
4608	930
4609	3422
461	930
4610	930
4611	930
4612	930
4613	4851
4614	4851
4615	4851
4616	4851
4617	4851
4618	4851
4619	4851
462	4851
4620	4851
4621	4851
4622	4851
4623	930
4624	4851
4625	4851
4626	4851
4627	3422
4628	4851
4629	4851
463	930
4630	4851
4631	4851
4632	4851
4633	930
4634	4851
4635	4851
4636	4851
4637	930
4638	930
4639	4851
464	930
4640	3422
4641	3422
4642	930
4643	4851
4644	930
4645	4851
4646	4851
4647	3422
4648	930
4649	3422
465	4851
4650	930
4651	930
4652	3422
4653	930
4654	930
4655	4851
4656	4851
4657	3422
4658	930
4659	930
466	4851
4660	930
4661	930
4662	930
4663	4851
4664	4851
4665	4851
4666	3422
4667	3422
4668	3422
4669	3422
467	3422
4670	3422
4671	3422
4672	3422
4673	3422
4674	3422
4675	4851
4676	930
4677	3422
4678	930
4679	930
468	4851
4680	930
4681	930
4682	4851
4683	930
4684	3422
4685	3422
4686	4851
4687	4851
4688	3422
4689	4851
469	4851
4690	4851
4691	2659
4692	4851
4693	2659
4694	930
4695	4851
4696	3422
4697	4851
4698	3422
4699	3422
47	3422
470	4851
4700	930
4701	4851
4702	4851
4703	3422
4704	3422
4705	3422
4706	3422
4707	3422
4708	2659
4709	2659
471	4851
4710	930
4711	3422
4712	930
4713	3422
4714	3422
4715	4851
4716	930
4717	3422
4718	930
4719	2659
472	930
4720	4851
4721	930
4722	3422
4723	4851
4724	930
4725	3422
4726	930
4727	4851
4728	4851
4729	3422
473	4851
4730	3422
4731	4851
4732	2659
4733	930
4734	3422
4735	4851
4736	4851
4737	3422
4738	4851
4739	4851
474	930
4740	3422
4741	4851
4742	4851
4743	3422
4744	3422
4745	3422
4746	3422
4747	3422
4748	4851
4749	3422
475	930
4750	4851
4751	3422
4752	3422
4753	3422
4754	4851
4755	3422
4756	930
4757	930
4758	930
4759	930
476	4851
4760	930
4761	3422
4762	3422
4763	3422
4764	3422
4765	3422
4766	930
4767	3422
4768	4851
4769	4851
477	930
4770	4851
4771	4851
4772	2659
4773	2659
4774	3422
4775	930
4776	4851
4777	4851
4778	3422
4779	930
478	3422
4780	2659
4781	2659
4782	930
4783	930
4784	930
4785	4851
4786	930
4787	2659
4788	930
4789	930
479	3422
4790	4851
4791	930
4792	4851
4793	3422
4794	930
4795	3422
4796	930
4797	4851
4798	4851
4799	4851
48	3422
480	3422
4800	930
4801	930
4802	930
4803	4851
4804	4851
4805	930
4806	930
4807	4851
4808	4851
4809	4851
481	3422
4810	4851
4811	3422
4812	3422
4813	930
4814	930
4815	930
4816	930
4817	4851
4818	4851
4819	3422
482	3422
4820	930
4821	3422
4822	3422
4823	4851
4824	930
4825	930
4826	3422
4827	4851
4828	930
4829	4851
483	3422
4830	930
4831	4851
4832	3422
4833	4851
4834	3422
4835	4851
4836	4851
4837	4851
4838	3422
4839	4851
484	930
4840	930
4841	930
4842	930
4843	930
4844	4851
4845	4851
4846	930
4847	930
4848	930
4849	3422
485	4851
4850	3422
4851	3422
4852	2659
4853	3422
4854	3422
4855	930
4856	2659
4857	930
4858	930
4859	930
486	4851
4860	930
4861	930
4862	930
4863	930
4864	930
4865	4851
4866	930
4867	930
4868	930
4869	930
487	930
4870	2659
4871	930
4872	4851
4873	4851
4874	930
4875	930
4876	930
4877	3422
4878	4851
4879	930
488	930
4880	4851
4881	930
4882	3422
4883	4851
4884	930
4885	2659
4886	2659
4887	3422
4888	930
4889	930
489	4851
4890	4851
4891	930
4892	930
4893	930
4894	930
4895	3422
4896	3422
4897	4851
4898	3422
4899	4851
49	3422
490	4851
4900	4851
4901	4851
4902	4851
4903	930
4904	3422
4905	3422
4906	3422
4907	3422
4908	930
4909	4851
491	4851
4910	930
4911	3422
4912	4851
4913	4851
4914	930
4915	3422
4916	2659
4917	4851
4918	2659
4919	3422
492	4851
4920	930
4921	930
4922	930
4923	930
4924	4851
4925	3422
4926	3422
4927	930
4928	4851
4929	3422
493	930
4930	3422
4931	930
4932	3422
4933	3422
4934	930
4935	3422
4936	3422
4937	3422
4938	3422
4939	3422
494	3422
4940	3422
4941	930
4942	3422
4943	930
4944	3422
4945	3422
4946	4851
4947	3422
4948	3422
4949	930
495	930
4950	3422
4951	2659
4952	3422
4953	930
4954	3422
4955	3422
4956	3422
4957	3422
4958	930
4959	930
496	3422
4960	3422
4961	3422
4962	3422
4963	3422
4964	930
4965	3422
4966	3422
4967	930
4968	3422
4969	3422
497	4851
4970	930
4971	930
4972	3422
4973	3422
4974	3422
4975	3422
4976	3422
4977	3422
4978	3422
4979	3422
498	930
4980	3422
4981	3422
4982	3422
4983	3422
4984	4851
4985	3422
4986	2659
4987	4851
4988	3422
4989	3422
499	4851
4990	3422
4991	3422
4992	3422
4993	3422
4994	3422
4995	3422
4996	4851
4997	4851
4998	4851
4999	3422
5	930
50	3422
500	4851
5000	4851
5001	930
5002	3422
5003	3422
5004	3422
5005	3422
5006	3422
5007	3422
5008	3422
5009	3422
501	930
5010	3422
5011	930
5012	3422
5013	930
5014	3422
5015	930
5016	3422
5017	4851
5018	4851
5019	930
502	2659
5020	930
5021	3422
5022	3422
5023	3422
5024	3422
5025	930
5026	3422
5027	930
5028	3422
5029	930
503	930
5030	4851
5031	4851
5032	4851
5033	930
5034	930
5035	930
5036	4851
5037	4851
5038	930
5039	4851
504	930
5040	3422
5041	930
5042	930
5043	930
5044	4851
5045	930
5046	4851
5047	3422
5048	930
5049	4851
505	4851
5050	3422
5051	930
5052	4851
5053	3422
5054	930
5055	3422
5056	3422
5057	3422
5058	3422
5059	4851
506	4851
5060	4851
5061	3422
5062	930
5063	930
5064	3422
5065	4851
5066	4851
5067	4851
5068	4851
5069	4851
507	930
5070	4851
5071	930
5072	930
5073	3422
5074	3422
5075	4851
5076	3422
5077	930
5078	3422
5079	3422
508	930
5080	930
5081	3422
5082	4851
5083	4851
5084	3422
5085	2659
5086	930
5087	3422
5088	3422
5089	3422
509	4851
5090	4851
5091	2659
5092	3422
5093	930
5094	4851
5095	930
5096	3422
5097	3422
5098	930
5099	3422
51	3422
510	930
5100	4851
5101	3422
5102	4851
5103	4851
5104	930
5105	930
5106	3422
5107	930
5108	3422
5109	930
511	930
5110	930
5111	4851
5112	4851
5113	4851
5114	930
5115	4851
5116	3422
5117	930
5118	930
5119	4851
512	3422
5120	4851
5121	4851
5122	930
5123	2659
5124	4851
5125	930
5126	930
5127	4851
5128	4851
5129	2659
513	930
5130	2659
5131	930
5132	930
5133	4851
5134	3422
5135	930
5136	930
5137	930
5138	930
514	4851
5140	930
5141	3422
5142	4851
5143	3422
5144	930
5145	3422
5146	930
5147	930
5148	930
5149	930
515	930
5150	930
5151	930
5152	4851
5153	3422
5154	930
5155	3422
5156	4851
5157	930
5158	930
5159	3422
516	3422
5160	4851
5161	4851
5162	4851
5163	4851
5164	930
5165	930
5166	3422
5167	930
5168	4851
5169	930
517	3422
5170	930
5171	930
5172	4851
5173	4851
5174	4851
5175	930
5176	3422
5177	4851
5178	930
5179	930
518	3422
5180	4851
5181	3422
5182	3422
5183	930
5184	3422
5185	930
5186	930
5187	3422
5188	4851
5189	930
519	3422
5190	4851
5191	4851
5192	3422
5193	4851
5194	930
5195	3422
5196	930
5197	930
5198	3422
5199	930
52	3422
520	3422
5200	930
5201	3422
5202	930
5203	930
5204	930
5205	3422
5206	3422
5207	3422
5208	930
5209	3422
521	930
5210	3422
5211	3422
5212	3422
5213	930
5214	930
5215	4851
5216	3422
5217	930
5218	3422
5219	3422
522	4851
5220	3422
5221	3422
5222	3422
5223	3422
5224	4851
5225	4851
5226	4851
5227	4851
5228	4851
5229	4851
523	3422
5230	4851
5231	4851
5232	4851
5233	930
5234	4851
5235	930
5236	3422
5237	3422
5238	3422
5239	930
524	3422
5240	930
5241	930
5242	4851
5243	4851
5244	930
5245	4851
5246	930
5247	4851
5248	930
5249	4851
525	3422
5250	930
5251	4851
5252	930
5253	930
5254	930
5255	2659
5256	930
5257	930
5258	2659
5259	2659
526	4851
5260	2659
5261	4851
5262	4851
5263	4851
5264	4851
5265	930
5266	2659
5267	4851
5268	4851
5269	4851
527	4851
5270	4851
5271	3422
5272	930
5273	3422
5274	3422
5275	3422
5276	930
5277	930
5278	3422
5279	3422
528	930
5280	930
5281	930
5282	930
5283	3422
5284	3422
5285	930
5286	930
5287	3422
5288	930
5289	4851
529	4851
5290	930
5291	930
5292	4851
5293	4851
5294	4851
5295	4851
5296	4851
5297	930
5298	3422
5299	930
53	3422
530	930
5300	930
5301	930
5302	4851
5303	4851
5304	4851
5305	930
5306	930
5307	930
5308	930
5309	4851
531	930
5310	2659
5311	930
5312	930
5313	930
5314	930
5315	4851
5316	4851
5317	930
5318	3422
5319	3422
532	2659
5320	3422
5321	4851
5322	4851
5323	3422
5324	930
5325	3422
5326	3422
5327	4851
5328	3422
5329	3422
533	3422
5330	3422
5331	3422
5332	930
5333	930
5334	930
5335	930
5336	930
5337	930
5338	930
5339	930
534	3422
5340	3422
5341	930
5342	930
5343	930
5344	930
5345	3422
5346	4851
5347	3422
5348	4851
5349	4851
535	3422
5350	4851
5351	3422
5352	4851
5353	930
5354	4851
5355	4851
5356	4851
5357	930
5358	4851
5359	930
536	930
5360	3422
5361	4851
5362	3422
5363	4851
5364	4851
5365	3422
5366	930
5367	930
5368	4851
5369	4851
537	930
5370	4851
5371	3422
5372	4851
5373	930
5374	930
5375	4851
5376	930
5377	3422
5378	3422
5379	3422
538	4851
5380	3422
5381	930
5382	930
5383	930
5384	930
5385	930
5386	930
5387	3422
5388	3422
5389	3422
539	4851
5390	3422
5391	3422
5392	3422
5393	4851
5394	4851
5395	4851
5396	3422
5397	4851
5398	930
5399	3422
54	3422
540	4851
5400	4851
5401	4851
5402	3422
5403	4851
5404	3422
5405	930
5406	4851
5407	4851
5408	4851
5409	3422
541	930
5410	3422
5411	3422
5412	930
5413	930
5415	930
5416	4851
5417	4851
5418	4851
5419	3422
542	4851
5420	3422
5421	3422
5422	3422
5423	4851
5424	3422
5425	3422
5426	3422
5427	3422
5428	3422
5429	3422
543	930
5430	3422
5431	3422
5432	3422
5433	3422
5434	3422
5435	3422
5436	3422
5437	3422
5438	930
5439	4851
544	3422
5440	3422
5441	4851
5442	930
5443	4851
5444	3422
5445	3422
5446	3422
5447	3422
5448	4851
5449	3422
545	3422
5450	3422
5451	4851
5452	930
5453	930
5454	3422
5455	4851
5456	3422
5457	4851
5458	930
5459	4851
546	4851
5460	4851
5461	4851
5462	4851
5463	4851
5464	3422
5465	4851
5466	930
5467	3422
5468	4851
5469	930
547	930
5470	930
5471	4851
5472	930
5473	930
5474	930
5475	930
5476	930
5477	930
5478	930
5479	3422
548	3422
5480	4851
5481	4851
5482	4851
5483	930
5484	3422
5485	930
5486	930
5487	930
5488	4851
5489	3422
549	930
5490	3422
5491	3422
5492	930
5493	930
5494	4851
5495	930
5496	930
5497	930
5498	4851
5499	3422
55	3422
550	3422
5500	4851
5501	930
5502	3422
5503	930
5504	4851
5505	930
5506	3422
5507	930
5508	3422
5509	930
551	3422
5510	930
5511	3422
5512	3422
5513	3422
5514	930
5515	3422
5516	3422
5517	4851
5518	4851
5519	930
552	3422
5520	3422
5521	930
5522	3422
5523	930
5524	930
5525	930
5526	930
5527	4851
5528	4851
5529	930
553	930
5530	930
5531	930
5532	930
5533	4851
5534	4851
5535	930
5536	4851
5537	4851
5538	930
5539	930
554	930
555	3422
556	930
557	4851
558	4851
559	930
56	3422
560	4851
561	4851
562	4851
563	930
564	930
565	4851
566	4851
567	4851
568	930
569	4851
57	3422
570	4851
571	4851
572	4851
573	3422
574	930
575	3422
576	930
577	930
578	4851
579	4851
58	3422
580	4851
581	930
582	3422
583	3422
584	930
585	3422
586	4851
587	4851
588	3422
589	2659
59	3422
590	930
591	4851
592	930
593	930
594	2659
595	930
596	930
597	3422
598	930
599	3422
6	930
60	3422
600	930
601	930
602	4851
603	3422
604	930
605	2659
606	930
607	4851
608	3422
609	4851
61	3422
610	4851
611	3422
612	4851
613	4851
614	930
615	4851
616	930
617	930
618	4851
619	4851
62	930
620	4851
621	930
622	2659
623	2659
624	4851
625	930
626	3422
627	3422
628	4851
629	3422
63	3422
630	4851
631	930
632	3422
633	3422
634	3422
635	930
636	930
637	930
638	4851
639	2659
64	3422
640	4851
641	4851
642	4851
643	4851
644	4851
645	3422
646	2659
647	930
648	4851
649	930
65	3422
650	4851
651	4851
652	930
653	4851
654	4851
655	930
656	3422
657	3422
658	930
659	930
66	3422
660	930
661	4851
662	930
663	3422
664	4851
665	930
666	4851
667	930
668	930
669	4851
67	3422
670	4851
671	4851
672	4851
673	4851
674	3422
675	3422
676	3422
677	930
678	4851
679	930
68	3422
680	4851
681	930
682	3422
683	930
684	930
685	930
686	3422
687	4851
688	3422
689	4851
69	3422
690	3422
691	3422
692	930
693	930
694	3422
695	4851
696	3422
697	930
698	930
699	3422
7	930
70	3422
700	4851
701	3422
702	4851
703	4851
704	4851
705	4851
706	4851
707	4851
708	3422
709	930
71	3422
710	2659
711	4851
712	930
713	4851
714	930
715	930
716	4851
717	930
718	930
719	930
72	3422
720	4851
721	930
723	3422
724	930
725	930
726	930
727	930
728	930
729	4851
73	3422
730	4851
731	3422
732	930
733	930
734	930
735	930
736	930
737	930
738	3422
739	930
74	3422
740	930
741	930
742	930
743	930
744	3422
745	3422
746	930
747	930
748	3422
749	930
75	3422
750	4851
751	4851
752	930
753	3422
754	4851
755	4851
756	4851
757	4851
758	930
759	4851
76	3422
760	930
761	4851
762	3422
763	930
764	2659
765	3422
766	4851
767	930
768	930
769	930
77	3422
770	4851
771	930
772	3422
773	3422
774	4851
775	3422
776	4851
777	4851
778	3422
779	3422
78	3422
780	930
781	930
782	930
783	930
784	930
785	930
786	3422
787	930
788	3422
789	3422
79	3422
790	930
791	3422
792	930
793	3422
794	930
795	930
796	930
797	930
798	930
799	3422
8	930
80	3422
800	3422
801	3422
802	930
803	930
804	3422
805	930
806	930
807	3422
808	930
809	2659
81	3422
810	930
811	3422
812	3422
813	4851
814	4851
815	4851
816	4851
817	4851
818	4851
819	3422
82	3422
820	4851
821	3422
822	930
823	4851
824	930
825	4851
826	4851
827	4851
828	930
829	930
83	3422
830	930
831	930
832	930
833	3422
834	930
835	930
836	930
837	3422
838	930
839	930
84	3422
840	3422
841	930
842	930
843	3422
844	3422
845	3422
846	3422
847	3422
848	930
849	3422
85	3422
850	3422
851	4851
852	930
853	930
854	930
855	4851
856	4851
857	930
858	930
859	930
86	3422
860	3422
861	930
862	2659
863	930
864	4851
865	2659
866	930
867	930
868	3422
869	930
87	3422
870	930
871	930
872	3422
873	4851
874	930
875	3422
876	3422
877	3422
878	2659
879	4851
88	3422
880	4851
881	2659
882	2659
883	4851
884	4851
885	4851
886	4851
887	930
888	4851
889	4851
89	3422
890	4851
891	4851
892	4851
893	4851
894	4851
895	4851
896	3422
897	930
898	4851
899	4851
9	4851
90	3422
900	930
901	3422
902	4851
903	3422
904	4851
905	4851
906	930
907	4851
908	4851
909	930
91	3422
910	4851
911	930
912	3422
913	930
914	4851
915	930
916	3422
917	4851
918	4851
919	930
92	3422
920	4851
921	2659
922	4851
923	4851
924	930
925	930
926	930
927	930
928	4851
929	4851
93	3422
930	4851
931	4851
932	3422
933	4851
934	4851
935	3422
936	4851
937	930
938	930
939	930
94	3422
940	4851
941	3422
942	3422
943	3422
944	4851
945	3422
946	3422
947	930
948	3422
949	930
95	3422
950	3422
951	4851
952	4851
953	930
954	930
955	4851
956	930
957	4851
958	4851
959	4851
96	3422
960	930
961	3422
962	3422
963	2659
964	4851
965	3422
966	930
967	3422
968	4851
969	930
97	3422
970	3422
971	4851
972	4851
973	930
974	4851
975	3422
976	3422
977	930
978	4851
979	3422
98	3422
980	930
981	3422
982	930
983	930
984	4851
985	3422
986	3422
987	930
988	930
989	4851
99	3422
990	3422
991	3422
992	4851
993	930
994	3422
995	930
996	930
997	4851
998	3422
999	930
